256,1,15
512,1,13
512,2,11
768,1,9
768,2,9
768,3,10
1024,1,9
1024,2,9
1024,3,8
1024,4,8
1280,1,8
1280,2,8
1280,3,8
1280,4,8
1280,5,9
1536,1,8
1536,2,8
1536,3,8
1536,4,8
1536,5,8
1536,6,9
1792,1,8
1792,2,8
1792,3,8
1792,4,8
1792,5,9
1792,6,9
1792,7,9
2048,1,8
2048,2,8
2048,3,8
2048,4,8
2048,5,9
2048,6,9
2048,7,9
2048,8,9
2304,1,8
2304,2,8
2304,3,8
2304,4,8
2304,5,9
2304,6,9
2304,7,9
2304,8,9
2304,9,9
2560,1,8
2560,2,8
2560,3,8
2560,4,8
2560,5,9
2560,6,9
2560,7,9
2560,8,9
2560,9,9
2560,10,9
2816,1,8
2816,2,8
2816,3,8
2816,4,9
2816,5,9
2816,6,9
2816,7,9
2816,8,9
2816,9,9
2816,10,9
2816,11,10
3072,1,8
3072,2,8
3072,3,8
3072,4,9
3072,5,9
3072,6,9
3072,7,9
3072,8,9
3072,9,9
3072,10,9
3072,11,10
3072,12,10
3328,1,8
3328,2,8
3328,3,8
3328,4,9
3328,5,9
3328,6,9
3328,7,9
3328,8,9
3328,9,9
3328,10,9
3328,11,10
3328,12,10
3328,13,10
3584,1,8
3584,2,8
3584,3,9
3584,4,9
3584,5,9
3584,6,9
3584,7,9
3584,8,9
3584,9,9
3584,10,10
3584,11,10
3584,12,10
3584,13,10
3584,14,11
3840,1,8
3840,2,8
3840,3,8
3840,4,9
3840,5,9
3840,6,9
3840,7,9
3840,8,9
3840,9,9
3840,10,9
3840,11,10
3840,12,10
3840,13,10
3840,14,10
3840,15,11
4096,1,8
4096,2,8
4096,3,8
4096,4,9
4096,5,9
4096,6,9
4096,7,9
4096,8,9
4096,9,9
4096,10,9
4096,11,10
4096,12,10
4096,13,10
4096,14,10
4096,15,11
4096,16,11
4352,1,8
4352,2,8
4352,3,9
4352,4,9
4352,5,9
4352,6,9
4352,7,9
4352,8,9
4352,9,9
4352,10,9
4352,11,10
4352,12,10
4352,13,10
4352,14,10
4352,15,11
4352,16,11
4352,17,11
4608,1,8
4608,2,8
4608,3,9
4608,4,9
4608,5,9
4608,6,9
4608,7,9
4608,8,9
4608,9,9
4608,10,10
4608,11,10
4608,12,10
4608,13,10
4608,14,10
4608,15,11
4608,16,11
4608,17,11
4608,18,11
4864,1,8
4864,2,8
4864,3,9
4864,4,9
4864,5,9
4864,6,9
4864,7,9
4864,8,9
4864,9,9
4864,10,10
4864,11,10
4864,12,10
4864,13,10
4864,14,10
4864,15,11
4864,16,11
4864,17,11
4864,18,11
4864,19,12
5120,1,8
5120,2,8
5120,3,9
5120,4,9
5120,5,9
5120,6,9
5120,7,9
5120,8,9
5120,9,9
5120,10,9
5120,11,10
5120,12,10
5120,13,10
5120,14,10
5120,15,11
5120,16,11
5120,17,11
5120,18,11
5120,19,12
5120,20,12
5376,1,8
5376,2,8
5376,3,9
5376,4,9
5376,5,9
5376,6,9
5376,7,9
5376,8,9
5376,9,9
5376,10,10
5376,11,10
5376,12,10
5376,13,10
5376,14,10
5376,15,11
5376,16,11
5376,17,11
5376,18,11
5376,19,12
5376,20,12
5376,21,12
5632,1,9
5632,2,8
5632,3,9
5632,4,9
5632,5,9
5632,6,9
5632,7,9
5632,8,9
5632,9,9
5632,10,10
5632,11,10
5632,12,10
5632,13,10
5632,14,10
5632,15,11
5632,16,11
5632,17,11
5632,18,11
5632,19,12
5632,20,12
5632,21,12
5632,22,12
5888,1,9
5888,2,9
5888,3,9
5888,4,9
5888,5,9
5888,6,9
5888,7,9
5888,8,9
5888,9,9
5888,10,9
5888,11,10
5888,12,10
5888,13,10
5888,14,10
5888,15,11
5888,16,11
5888,17,11
5888,18,11
5888,19,11
5888,20,12
5888,21,12
5888,22,12
5888,23,12
6144,1,9
6144,2,9
6144,3,9
6144,4,9
6144,5,9
6144,6,9
6144,7,9
6144,8,9
6144,9,9
6144,10,9
6144,11,10
6144,12,10
6144,13,10
6144,14,10
6144,15,11
6144,16,11
6144,17,11
6144,18,11
6144,19,11
6144,20,12
6144,21,12
6144,22,12
6144,23,13
6144,24,13
6400,1,9
6400,2,9
6400,3,9
6400,4,9
6400,5,9
6400,6,9
6400,7,9
6400,8,9
6400,9,9
6400,10,9
6400,11,10
6400,12,10
6400,13,10
6400,14,10
6400,15,11
6400,16,11
6400,17,11
6400,18,11
6400,19,12
6400,20,12
6400,21,12
6400,22,12
6400,23,12
6400,24,13
6400,25,13
6656,1,9
6656,2,9
6656,3,9
6656,4,9
6656,5,9
6656,6,9
6656,7,9
6656,8,9
6656,9,9
6656,10,9
6656,11,10
6656,12,10
6656,13,10
6656,14,10
6656,15,11
6656,16,11
6656,17,11
6656,18,11
6656,19,11
6656,20,12
6656,21,12
6656,22,12
6656,23,12
6656,24,13
6656,25,13
6656,26,13
6912,1,9
6912,2,9
6912,3,9
6912,4,9
6912,5,9
6912,6,9
6912,7,9
6912,8,9
6912,9,9
6912,10,9
6912,11,10
6912,12,10
6912,13,10
6912,14,10
6912,15,11
6912,16,11
6912,17,11
6912,18,11
6912,19,11
6912,20,12
6912,21,12
6912,22,12
6912,23,12
6912,24,13
6912,25,13
6912,26,13
6912,27,13
7168,1,9
7168,2,9
7168,3,9
7168,4,9
7168,5,9
7168,6,9
7168,7,9
7168,8,9
7168,9,9
7168,10,9
7168,11,10
7168,12,10
7168,13,10
7168,14,10
7168,15,11
7168,16,11
7168,17,11
7168,18,11
7168,19,11
7168,20,12
7168,21,12
7168,22,12
7168,23,12
7168,24,13
7168,25,13
7168,26,13
7168,27,13
7168,28,13
7424,1,9
7424,2,9
7424,3,9
7424,4,9
7424,5,9
7424,6,9
7424,7,9
7424,8,9
7424,9,9
7424,10,9
7424,11,10
7424,12,10
7424,13,10
7424,14,10
7424,15,11
7424,16,11
7424,17,11
7424,18,11
7424,19,11
7424,20,12
7424,21,12
7424,22,12
7424,23,12
7424,24,13
7424,25,13
7424,26,13
7424,27,13
7424,28,14
7424,29,14
7680,1,9
7680,2,9
7680,3,9
7680,4,9
7680,5,9
7680,6,9
7680,7,9
7680,8,9
7680,9,9
7680,10,9
7680,11,10
7680,12,10
7680,13,10
7680,14,10
7680,15,11
7680,16,11
7680,17,11
7680,18,11
7680,19,11
7680,20,12
7680,21,12
7680,22,12
7680,23,12
7680,24,13
7680,25,13
7680,26,13
7680,27,13
7680,28,13
7680,29,14
7680,30,14
7936,1,9
7936,2,9
7936,3,9
7936,4,9
7936,5,9
7936,6,9
7936,7,9
7936,8,9
7936,9,9
7936,10,10
7936,11,10
7936,12,10
7936,13,10
7936,14,10
7936,15,11
7936,16,11
7936,17,11
7936,18,11
7936,19,12
7936,20,12
7936,21,12
7936,22,12
7936,23,12
7936,24,13
7936,25,13
7936,26,13
7936,27,13
7936,28,13
7936,29,14
7936,30,14
7936,31,14
8192,1,9
8192,2,9
8192,3,9
8192,4,9
8192,5,9
8192,6,9
8192,7,9
8192,8,9
8192,9,9
8192,10,10
8192,11,10
8192,12,10
8192,13,10
8192,14,10
8192,15,11
8192,16,11
8192,17,11
8192,18,11
8192,19,12
8192,20,12
8192,21,12
8192,22,12
8192,23,12
8192,24,13
8192,25,13
8192,26,13
8192,27,13
8192,28,13
8192,29,14
8192,30,14
8192,31,14
8192,32,14
8448,1,9
8448,2,9
8448,3,9
8448,4,9
8448,5,9
8448,6,9
8448,7,9
8448,8,9
8448,9,9
8448,10,9
8448,11,10
8448,12,10
8448,13,10
8448,14,10
8448,15,11
8448,16,11
8448,17,11
8448,18,11
8448,19,12
8448,20,12
8448,21,12
8448,22,12
8448,23,12
8448,24,13
8448,25,13
8448,26,13
8448,27,13
8448,28,13
8448,29,14
8448,30,14
8448,31,14
8448,32,14
8448,33,15
8704,1,9
8704,2,9
8704,3,9
8704,4,9
8704,5,9
8704,6,9
8704,7,9
8704,8,9
8704,9,9
8704,10,10
8704,11,10
8704,12,10
8704,13,10
8704,14,11
8704,15,11
8704,16,11
8704,17,11
8704,18,12
8704,19,12
8704,20,12
8704,21,12
8704,22,13
8704,23,13
8704,24,13
8704,25,13
8704,26,14
8704,27,14
8704,28,14
8704,29,14
8704,30,15
8704,31,15
8704,32,15
8704,33,15
8704,34,16
8960,1,9
8960,2,9
8960,3,9
8960,4,9
8960,5,9
8960,6,9
8960,7,9
8960,8,9
8960,9,9
8960,10,10
8960,11,10
8960,12,10
8960,13,10
8960,14,11
8960,15,11
8960,16,11
8960,17,11
8960,18,12
8960,19,12
8960,20,12
8960,21,12
8960,22,13
8960,23,13
8960,24,13
8960,25,13
8960,26,14
8960,27,14
8960,28,14
8960,29,14
8960,30,15
8960,31,15
8960,32,15
8960,33,15
8960,34,16
8960,35,16
9216,1,9
9216,2,9
9216,3,9
9216,4,9
9216,5,9
9216,6,9
9216,7,9
9216,8,9
9216,9,10
9216,10,10
9216,11,10
9216,12,10
9216,13,10
9216,14,11
9216,15,11
9216,16,11
9216,17,11
9216,18,12
9216,19,12
9216,20,12
9216,21,12
9216,22,13
9216,23,13
9216,24,13
9216,25,13
9216,26,14
9216,27,14
9216,28,14
9216,29,14
9216,30,15
9216,31,15
9216,32,15
9216,33,15
9216,34,16
9216,35,16
9216,36,16
9472,1,9
9472,2,9
9472,3,9
9472,4,9
9472,5,9
9472,6,9
9472,7,9
9472,8,9
9472,9,9
9472,10,10
9472,11,10
9472,12,10
9472,13,10
9472,14,11
9472,15,11
9472,16,11
9472,17,11
9472,18,12
9472,19,12
9472,20,12
9472,21,12
9472,22,13
9472,23,13
9472,24,13
9472,25,13
9472,26,14
9472,27,14
9472,28,14
9472,29,14
9472,30,15
9472,31,15
9472,32,15
9472,33,15
9472,34,16
9472,35,16
9472,36,16
9472,37,16
9728,1,9
9728,2,9
9728,3,9
9728,4,9
9728,5,9
9728,6,9
9728,7,9
9728,8,9
9728,9,9
9728,10,10
9728,11,10
9728,12,10
9728,13,10
9728,14,11
9728,15,11
9728,16,11
9728,17,11
9728,18,12
9728,19,12
9728,20,12
9728,21,12
9728,22,13
9728,23,13
9728,24,13
9728,25,13
9728,26,14
9728,27,14
9728,28,14
9728,29,14
9728,30,15
9728,31,15
9728,32,15
9728,33,15
9728,34,16
9728,35,16
9728,36,16
9728,37,16
9728,38,16
9984,1,9
9984,2,9
9984,3,9
9984,4,9
9984,5,9
9984,6,9
9984,7,9
9984,8,9
9984,9,9
9984,10,10
9984,11,10
9984,12,10
9984,13,10
9984,14,11
9984,15,11
9984,16,11
9984,17,11
9984,18,12
9984,19,12
9984,20,12
9984,21,12
9984,22,13
9984,23,13
9984,24,13
9984,25,13
9984,26,14
9984,27,14
9984,28,14
9984,29,14
9984,30,15
9984,31,15
9984,32,15
9984,33,15
9984,34,16
9984,35,16
9984,36,16
9984,37,16
9984,38,16
9984,39,17
10240,1,9
10240,2,9
10240,3,9
10240,4,9
10240,5,9
10240,6,9
10240,7,9
10240,8,9
10240,9,9
10240,10,10
10240,11,10
10240,12,10
10240,13,10
10240,14,11
10240,15,11
10240,16,11
10240,17,11
10240,18,12
10240,19,12
10240,20,12
10240,21,12
10240,22,13
10240,23,13
10240,24,13
10240,25,13
10240,26,14
10240,27,14
10240,28,14
10240,29,14
10240,30,15
10240,31,15
10240,32,15
10240,33,15
10240,34,16
10240,35,16
10240,36,16
10240,37,16
10240,38,17
10240,39,17
10240,40,17
10496,1,9
10496,2,9
10496,3,9
10496,4,9
10496,5,9
10496,6,9
10496,7,9
10496,8,9
10496,9,9
10496,10,10
10496,11,10
10496,12,10
10496,13,11
10496,14,11
10496,15,11
10496,16,11
10496,17,11
10496,18,12
10496,19,12
10496,20,12
10496,21,12
10496,22,13
10496,23,13
10496,24,13
10496,25,13
10496,26,14
10496,27,14
10496,28,14
10496,29,15
10496,30,15
10496,31,15
10496,32,15
10496,33,15
10496,34,16
10496,35,16
10496,36,16
10496,37,16
10496,38,17
10496,39,17
10496,40,17
10496,41,17
10752,1,9
10752,2,9
10752,3,9
10752,4,9
10752,5,9
10752,6,9
10752,7,9
10752,8,9
10752,9,9
10752,10,10
10752,11,10
10752,12,10
10752,13,10
10752,14,11
10752,15,11
10752,16,11
10752,17,11
10752,18,12
10752,19,12
10752,20,12
10752,21,12
10752,22,13
10752,23,13
10752,24,13
10752,25,13
10752,26,14
10752,27,14
10752,28,14
10752,29,15
10752,30,15
10752,31,15
10752,32,15
10752,33,15
10752,34,16
10752,35,16
10752,36,16
10752,37,16
10752,38,17
10752,39,17
10752,40,17
10752,41,17
10752,42,18
11008,1,9
11008,2,9
11008,3,9
11008,4,9
11008,5,9
11008,6,9
11008,7,9
11008,8,9
11008,9,9
11008,10,10
11008,11,10
11008,12,10
11008,13,10
11008,14,11
11008,15,11
11008,16,11
11008,17,11
11008,18,12
11008,19,12
11008,20,12
11008,21,12
11008,22,13
11008,23,13
11008,24,13
11008,25,13
11008,26,14
11008,27,14
11008,28,14
11008,29,14
11008,30,15
11008,31,15
11008,32,15
11008,33,15
11008,34,16
11008,35,16
11008,36,16
11008,37,16
11008,38,16
11008,39,17
11008,40,17
11008,41,17
11008,42,18
11008,43,18
11264,1,9
11264,2,9
11264,3,9
11264,4,9
11264,5,9
11264,6,9
11264,7,9
11264,8,9
11264,9,9
11264,10,10
11264,11,10
11264,12,10
11264,13,10
11264,14,11
11264,15,11
11264,16,11
11264,17,11
11264,18,12
11264,19,12
11264,20,12
11264,21,12
11264,22,13
11264,23,13
11264,24,13
11264,25,13
11264,26,14
11264,27,14
11264,28,14
11264,29,15
11264,30,15
11264,31,15
11264,32,15
11264,33,15
11264,34,16
11264,35,16
11264,36,16
11264,37,16
11264,38,17
11264,39,17
11264,40,17
11264,41,17
11264,42,18
11264,43,18
11264,44,18
11520,1,9
11520,2,9
11520,3,9
11520,4,9
11520,5,9
11520,6,9
11520,7,9
11520,8,9
11520,9,9
11520,10,10
11520,11,10
11520,12,10
11520,13,10
11520,14,11
11520,15,11
11520,16,11
11520,17,11
11520,18,12
11520,19,12
11520,20,12
11520,21,12
11520,22,13
11520,23,13
11520,24,13
11520,25,13
11520,26,14
11520,27,14
11520,28,14
11520,29,14
11520,30,15
11520,31,15
11520,32,15
11520,33,15
11520,34,16
11520,35,16
11520,36,16
11520,37,16
11520,38,17
11520,39,17
11520,40,18
11520,41,18
11520,42,18
11520,43,18
11520,44,18
11520,45,18
11776,1,9
11776,2,9
11776,3,9
11776,4,9
11776,5,9
11776,6,9
11776,7,9
11776,8,9
11776,9,10
11776,10,10
11776,11,10
11776,12,10
11776,13,11
11776,14,11
11776,15,11
11776,16,11
11776,17,12
11776,18,12
11776,19,12
11776,20,12
11776,21,12
11776,22,13
11776,23,13
11776,24,13
11776,25,13
11776,26,14
11776,27,14
11776,28,14
11776,29,14
11776,30,15
11776,31,15
11776,32,15
11776,33,15
11776,34,16
11776,35,16
11776,36,16
11776,37,16
11776,38,16
11776,39,17
11776,40,17
11776,41,17
11776,42,18
11776,43,18
11776,44,18
11776,45,18
11776,46,18
12032,1,9
12032,2,9
12032,3,9
12032,4,9
12032,5,9
12032,6,9
12032,7,9
12032,8,9
12032,9,9
12032,10,10
12032,11,10
12032,12,10
12032,13,11
12032,14,11
12032,15,11
12032,16,11
12032,17,12
12032,18,12
12032,19,12
12032,20,12
12032,21,12
12032,22,13
12032,23,13
12032,24,13
12032,25,13
12032,26,14
12032,27,14
12032,28,14
12032,29,14
12032,30,15
12032,31,15
12032,32,15
12032,33,15
12032,34,16
12032,35,16
12032,36,16
12032,37,16
12032,38,17
12032,39,17
12032,40,17
12032,41,17
12032,42,18
12032,43,18
12032,44,18
12032,45,18
12032,46,19
12032,47,19
12288,1,9
12288,2,9
12288,3,9
12288,4,9
12288,5,9
12288,6,9
12288,7,9
12288,8,9
12288,9,9
12288,10,10
12288,11,10
12288,12,10
12288,13,10
12288,14,11
12288,15,11
12288,16,11
12288,17,12
12288,18,12
12288,19,12
12288,20,12
12288,21,12
12288,22,13
12288,23,13
12288,24,13
12288,25,13
12288,26,14
12288,27,14
12288,28,14
12288,29,14
12288,30,15
12288,31,15
12288,32,15
12288,33,15
12288,34,16
12288,35,16
12288,36,16
12288,37,16
12288,38,17
12288,39,17
12288,40,17
12288,41,17
12288,42,18
12288,43,18
12288,44,18
12288,45,18
12288,46,18
12288,47,19
12288,48,19
12544,1,9
12544,2,9
12544,3,9
12544,4,9
12544,5,9
12544,6,9
12544,7,9
12544,8,9
12544,9,9
12544,10,10
12544,11,10
12544,12,10
12544,13,11
12544,14,11
12544,15,11
12544,16,11
12544,17,11
12544,18,12
12544,19,12
12544,20,12
12544,21,12
12544,22,13
12544,23,13
12544,24,13
12544,25,13
12544,26,14
12544,27,14
12544,28,14
12544,29,14
12544,30,15
12544,31,15
12544,32,15
12544,33,15
12544,34,16
12544,35,16
12544,36,16
12544,37,16
12544,38,17
12544,39,17
12544,40,17
12544,41,17
12544,42,17
12544,43,18
12544,44,18
12544,45,18
12544,46,18
12544,47,19
12544,48,19
12544,49,20
12800,1,9
12800,2,9
12800,3,9
12800,4,9
12800,5,9
12800,6,9
12800,7,9
12800,8,9
12800,9,10
12800,10,10
12800,11,10
12800,12,10
12800,13,10
12800,14,11
12800,15,11
12800,16,11
12800,17,11
12800,18,12
12800,19,12
12800,20,12
12800,21,12
12800,22,13
12800,23,13
12800,24,13
12800,25,13
12800,26,14
12800,27,14
12800,28,14
12800,29,14
12800,30,15
12800,31,15
12800,32,15
12800,33,16
12800,34,16
12800,35,16
12800,36,16
12800,37,16
12800,38,17
12800,39,17
12800,40,18
12800,41,18
12800,42,18
12800,43,18
12800,44,18
12800,45,18
12800,46,19
12800,47,19
12800,48,19
12800,49,19
12800,50,19
13056,1,9
13056,2,9
13056,3,9
13056,4,9
13056,5,9
13056,6,9
13056,7,9
13056,8,9
13056,9,9
13056,10,10
13056,11,10
13056,12,10
13056,13,10
13056,14,11
13056,15,11
13056,16,12
13056,17,12
13056,18,12
13056,19,12
13056,20,12
13056,21,12
13056,22,13
13056,23,13
13056,24,14
13056,25,14
13056,26,14
13056,27,14
13056,28,15
13056,29,15
13056,30,15
13056,31,15
13056,32,15
13056,33,15
13056,34,16
13056,35,16
13056,36,16
13056,37,16
13056,38,17
13056,39,17
13056,40,17
13056,41,17
13056,42,18
13056,43,18
13056,44,18
13056,45,18
13056,46,19
13056,47,19
13056,48,19
13056,49,19
13056,50,20
13056,51,20
13312,1,9
13312,2,9
13312,3,9
13312,4,9
13312,5,9
13312,6,9
13312,7,9
13312,8,9
13312,9,10
13312,10,10
13312,11,10
13312,12,10
13312,13,10
13312,14,11
13312,15,11
13312,16,11
13312,17,12
13312,18,12
13312,19,12
13312,20,12
13312,21,12
13312,22,13
13312,23,13
13312,24,13
13312,25,14
13312,26,14
13312,27,14
13312,28,14
13312,29,15
13312,30,15
13312,31,15
13312,32,16
13312,33,16
13312,34,16
13312,35,16
13312,36,16
13312,37,17
13312,38,17
13312,39,17
13312,40,17
13312,41,18
13312,42,18
13312,43,18
13312,44,18
13312,45,18
13312,46,18
13312,47,19
13312,48,19
13312,49,19
13312,50,19
13312,51,20
13312,52,20
13568,1,9
13568,2,9
13568,3,9
13568,4,9
13568,5,9
13568,6,9
13568,7,9
13568,8,9
13568,9,10
13568,10,10
13568,11,10
13568,12,10
13568,13,11
13568,14,11
13568,15,11
13568,16,11
13568,17,11
13568,18,12
13568,19,12
13568,20,12
13568,21,12
13568,22,13
13568,23,13
13568,24,13
13568,25,13
13568,26,14
13568,27,14
13568,28,14
13568,29,14
13568,30,15
13568,31,15
13568,32,15
13568,33,15
13568,34,16
13568,35,16
13568,36,16
13568,37,16
13568,38,17
13568,39,17
13568,40,17
13568,41,17
13568,42,18
13568,43,18
13568,44,18
13568,45,18
13568,46,18
13568,47,19
13568,48,19
13568,49,19
13568,50,20
13568,51,20
13568,52,20
13568,53,20
13824,1,9
13824,2,9
13824,3,9
13824,4,9
13824,5,9
13824,6,9
13824,7,9
13824,8,9
13824,9,10
13824,10,10
13824,11,10
13824,12,10
13824,13,11
13824,14,11
13824,15,11
13824,16,11
13824,17,11
13824,18,12
13824,19,12
13824,20,12
13824,21,12
13824,22,13
13824,23,13
13824,24,13
13824,25,13
13824,26,14
13824,27,14
13824,28,14
13824,29,15
13824,30,15
13824,31,15
13824,32,15
13824,33,15
13824,34,16
13824,35,16
13824,36,16
13824,37,16
13824,38,17
13824,39,17
13824,40,17
13824,41,17
13824,42,18
13824,43,18
13824,44,18
13824,45,18
13824,46,18
13824,47,19
13824,48,19
13824,49,19
13824,50,19
13824,51,20
13824,52,20
13824,53,20
13824,54,20
14080,1,9
14080,2,9
14080,3,9
14080,4,9
14080,5,9
14080,6,9
14080,7,9
14080,8,9
14080,9,10
14080,10,10
14080,11,10
14080,12,10
14080,13,10
14080,14,11
14080,15,11
14080,16,11
14080,17,12
14080,18,12
14080,19,12
14080,20,12
14080,21,12
14080,22,13
14080,23,13
14080,24,13
14080,25,14
14080,26,14
14080,27,14
14080,28,14
14080,29,14
14080,30,15
14080,31,15
14080,32,15
14080,33,15
14080,34,16
14080,35,16
14080,36,16
14080,37,16
14080,38,17
14080,39,17
14080,40,17
14080,41,17
14080,42,18
14080,43,18
14080,44,18
14080,45,18
14080,46,18
14080,47,19
14080,48,19
14080,49,19
14080,50,20
14080,51,20
14080,52,20
14080,53,20
14080,54,20
14080,55,21
14336,1,9
14336,2,9
14336,3,9
14336,4,9
14336,5,9
14336,6,9
14336,7,9
14336,8,9
14336,9,10
14336,10,10
14336,11,10
14336,12,10
14336,13,10
14336,14,11
14336,15,11
14336,16,11
14336,17,11
14336,18,12
14336,19,12
14336,20,12
14336,21,12
14336,22,13
14336,23,13
14336,24,13
14336,25,13
14336,26,14
14336,27,14
14336,28,14
14336,29,14
14336,30,15
14336,31,15
14336,32,15
14336,33,15
14336,34,16
14336,35,16
14336,36,16
14336,37,16
14336,38,17
14336,39,17
14336,40,17
14336,41,17
14336,42,17
14336,43,18
14336,44,18
14336,45,18
14336,46,18
14336,47,19
14336,48,19
14336,49,19
14336,50,19
14336,51,20
14336,52,20
14336,53,20
14336,54,20
14336,55,21
14336,56,21
14592,1,9
14592,2,9
14592,3,9
14592,4,9
14592,5,9
14592,6,9
14592,7,9
14592,8,10
14592,9,10
14592,10,10
14592,11,10
14592,12,10
14592,13,10
14592,14,11
14592,15,11
14592,16,11
14592,17,11
14592,18,12
14592,19,12
14592,20,12
14592,21,12
14592,22,13
14592,23,13
14592,24,13
14592,25,13
14592,26,14
14592,27,14
14592,28,14
14592,29,14
14592,30,15
14592,31,15
14592,32,15
14592,33,15
14592,34,16
14592,35,16
14592,36,16
14592,37,16
14592,38,17
14592,39,17
14592,40,17
14592,41,17
14592,42,18
14592,43,18
14592,44,18
14592,45,18
14592,46,18
14592,47,19
14592,48,19
14592,49,19
14592,50,19
14592,51,20
14592,52,20
14592,53,20
14592,54,20
14592,55,21
14592,56,21
14592,57,21
14848,1,9
14848,2,9
14848,3,9
14848,4,9
14848,5,10
14848,6,10
14848,7,10
14848,8,10
14848,9,10
14848,10,10
14848,11,10
14848,12,10
14848,13,10
14848,14,11
14848,15,11
14848,16,11
14848,17,12
14848,18,12
14848,19,12
14848,20,12
14848,21,12
14848,22,13
14848,23,13
14848,24,13
14848,25,14
14848,26,14
14848,27,14
14848,28,14
14848,29,14
14848,30,15
14848,31,15
14848,32,15
14848,33,15
14848,34,16
14848,35,16
14848,36,16
14848,37,16
14848,38,17
14848,39,17
14848,40,17
14848,41,17
14848,42,18
14848,43,18
14848,44,18
14848,45,18
14848,46,18
14848,47,19
14848,48,19
14848,49,19
14848,50,19
14848,51,20
14848,52,20
14848,53,20
14848,54,21
14848,55,21
14848,56,21
14848,57,21
14848,58,22
15104,1,9
15104,2,9
15104,3,9
15104,4,9
15104,5,10
15104,6,10
15104,7,10
15104,8,10
15104,9,10
15104,10,10
15104,11,10
15104,12,10
15104,13,11
15104,14,11
15104,15,11
15104,16,11
15104,17,12
15104,18,12
15104,19,12
15104,20,12
15104,21,13
15104,22,13
15104,23,13
15104,24,13
15104,25,13
15104,26,14
15104,27,14
15104,28,14
15104,29,15
15104,30,15
15104,31,15
15104,32,15
15104,33,15
15104,34,16
15104,35,16
15104,36,16
15104,37,16
15104,38,17
15104,39,17
15104,40,17
15104,41,17
15104,42,18
15104,43,18
15104,44,18
15104,45,18
15104,46,18
15104,47,19
15104,48,19
15104,49,19
15104,50,19
15104,51,20
15104,52,20
15104,53,20
15104,54,21
15104,55,21
15104,56,21
15104,57,21
15104,58,21
15104,59,22
15360,1,9
15360,2,9
15360,3,9
15360,4,10
15360,5,10
15360,6,10
15360,7,10
15360,8,10
15360,9,10
15360,10,10
15360,11,10
15360,12,10
15360,13,10
15360,14,11
15360,15,11
15360,16,11
15360,17,11
15360,18,12
15360,19,12
15360,20,12
15360,21,12
15360,22,13
15360,23,13
15360,24,13
15360,25,13
15360,26,14
15360,27,14
15360,28,14
15360,29,14
15360,30,15
15360,31,15
15360,32,15
15360,33,15
15360,34,16
15360,35,16
15360,36,16
15360,37,16
15360,38,17
15360,39,17
15360,40,17
15360,41,17
15360,42,18
15360,43,18
15360,44,18
15360,45,18
15360,46,18
15360,47,19
15360,48,19
15360,49,19
15360,50,19
15360,51,20
15360,52,20
15360,53,20
15360,54,21
15360,55,21
15360,56,21
15360,57,21
15360,58,21
15360,59,22
15360,60,22
15616,1,9
15616,2,9
15616,3,9
15616,4,10
15616,5,10
15616,6,10
15616,7,10
15616,8,10
15616,9,10
15616,10,10
15616,11,10
15616,12,10
15616,13,11
15616,14,11
15616,15,11
15616,16,11
15616,17,12
15616,18,12
15616,19,12
15616,20,12
15616,21,13
15616,22,13
15616,23,13
15616,24,13
15616,25,14
15616,26,14
15616,27,14
15616,28,14
15616,29,14
15616,30,15
15616,31,15
15616,32,15
15616,33,16
15616,34,16
15616,35,16
15616,36,16
15616,37,16
15616,38,17
15616,39,17
15616,40,17
15616,41,17
15616,42,18
15616,43,18
15616,44,18
15616,45,18
15616,46,19
15616,47,19
15616,48,19
15616,49,19
15616,50,20
15616,51,20
15616,52,20
15616,53,20
15616,54,21
15616,55,21
15616,56,21
15616,57,21
15616,58,22
15616,59,22
15616,60,22
15616,61,22
15872,1,9
15872,2,9
15872,3,9
15872,4,10
15872,5,10
15872,6,10
15872,7,10
15872,8,10
15872,9,10
15872,10,10
15872,11,10
15872,12,10
15872,13,11
15872,14,11
15872,15,11
15872,16,11
15872,17,12
15872,18,12
15872,19,12
15872,20,12
15872,21,13
15872,22,13
15872,23,13
15872,24,13
15872,25,13
15872,26,14
15872,27,14
15872,28,14
15872,29,15
15872,30,15
15872,31,15
15872,32,15
15872,33,16
15872,34,16
15872,35,16
15872,36,16
15872,37,17
15872,38,17
15872,39,17
15872,40,17
15872,41,17
15872,42,18
15872,43,18
15872,44,18
15872,45,18
15872,46,19
15872,47,19
15872,48,19
15872,49,19
15872,50,19
15872,51,20
15872,52,20
15872,53,20
15872,54,21
15872,55,21
15872,56,21
15872,57,21
15872,58,22
15872,59,22
15872,60,22
15872,61,22
15872,62,23
16128,1,9
16128,2,9
16128,3,9
16128,4,10
16128,5,10
16128,6,10
16128,7,10
16128,8,10
16128,9,10
16128,10,10
16128,11,10
16128,12,10
16128,13,11
16128,14,11
16128,15,11
16128,16,11
16128,17,12
16128,18,12
16128,19,12
16128,20,12
16128,21,13
16128,22,13
16128,23,13
16128,24,13
16128,25,13
16128,26,14
16128,27,14
16128,28,14
16128,29,15
16128,30,15
16128,31,15
16128,32,15
16128,33,15
16128,34,16
16128,35,16
16128,36,16
16128,37,16
16128,38,17
16128,39,17
16128,40,17
16128,41,18
16128,42,18
16128,43,18
16128,44,18
16128,45,18
16128,46,19
16128,47,19
16128,48,19
16128,49,19
16128,50,20
16128,51,20
16128,52,20
16128,53,20
16128,54,21
16128,55,21
16128,56,21
16128,57,22
16128,58,22
16128,59,22
16128,60,22
16128,61,23
16128,62,23
16128,63,23
16384,1,9
16384,2,9
16384,3,9
16384,4,10
16384,5,10
16384,6,10
16384,7,10
16384,8,10
16384,9,10
16384,10,10
16384,11,10
16384,12,10
16384,13,11
16384,14,11
16384,15,11
16384,16,11
16384,17,12
16384,18,12
16384,19,12
16384,20,12
16384,21,13
16384,22,13
16384,23,13
16384,24,13
16384,25,14
16384,26,14
16384,27,14
16384,28,14
16384,29,14
16384,30,15
16384,31,15
16384,32,15
16384,33,16
16384,34,16
16384,35,16
16384,36,16
16384,37,17
16384,38,17
16384,39,17
16384,40,17
16384,41,17
16384,42,18
16384,43,18
16384,44,18
16384,45,19
16384,46,19
16384,47,19
16384,48,19
16384,49,19
16384,50,20
16384,51,20
16384,52,20
16384,53,21
16384,54,21
16384,55,21
16384,56,21
16384,57,21
16384,58,22
16384,59,22
16384,60,22
16384,61,22
16384,62,23
16384,63,23
16384,64,23
16640,1,9
16640,2,9
16640,3,9
16640,4,10
16640,5,10
16640,6,10
16640,7,10
16640,8,10
16640,9,10
16640,10,10
16640,11,10
16640,12,10
16640,13,11
16640,14,11
16640,15,11
16640,16,11
16640,17,12
16640,18,12
16640,19,12
16640,20,12
16640,21,13
16640,22,13
16640,23,13
16640,24,13
16640,25,14
16640,26,14
16640,27,14
16640,28,14
16640,29,14
16640,30,15
16640,31,15
16640,32,15
16640,33,16
16640,34,16
16640,35,16
16640,36,16
16640,37,16
16640,38,17
16640,39,17
16640,40,17
16640,41,17
16640,42,18
16640,43,18
16640,44,18
16640,45,18
16640,46,19
16640,47,19
16640,48,19
16640,49,19
16640,50,20
16640,51,20
16640,52,20
16640,53,20
16640,54,21
16640,55,21
16640,56,21
16640,57,21
16640,58,22
16640,59,22
16640,60,22
16640,61,22
16640,62,23
16640,63,23
16640,64,23
16640,65,23
16896,1,10
16896,2,10
16896,3,10
16896,4,10
16896,5,10
16896,6,10
16896,7,10
16896,8,10
16896,9,10
16896,10,10
16896,11,10
16896,12,10
16896,13,10
16896,14,11
16896,15,11
16896,16,11
16896,17,11
16896,18,12
16896,19,12
16896,20,12
16896,21,12
16896,22,13
16896,23,13
16896,24,13
16896,25,13
16896,26,14
16896,27,14
16896,28,14
16896,29,14
16896,30,15
16896,31,15
16896,32,15
16896,33,15
16896,34,16
16896,35,16
16896,36,16
16896,37,16
16896,38,17
16896,39,17
16896,40,17
16896,41,17
16896,42,17
16896,43,18
16896,44,18
16896,45,18
16896,46,18
16896,47,19
16896,48,19
16896,49,19
16896,50,19
16896,51,20
16896,52,20
16896,53,20
16896,54,21
16896,55,21
16896,56,21
16896,57,21
16896,58,21
16896,59,22
16896,60,22
16896,61,22
16896,62,22
16896,63,23
16896,64,23
16896,65,23
16896,66,23
17152,1,10
17152,2,10
17152,3,10
17152,4,10
17152,5,10
17152,6,10
17152,7,10
17152,8,10
17152,9,10
17152,10,10
17152,11,10
17152,12,10
17152,13,11
17152,14,11
17152,15,11
17152,16,11
17152,17,12
17152,18,12
17152,19,12
17152,20,12
17152,21,12
17152,22,13
17152,23,13
17152,24,13
17152,25,13
17152,26,14
17152,27,14
17152,28,14
17152,29,14
17152,30,15
17152,31,15
17152,32,15
17152,33,15
17152,34,16
17152,35,16
17152,36,16
17152,37,16
17152,38,16
17152,39,17
17152,40,17
17152,41,17
17152,42,18
17152,43,18
17152,44,18
17152,45,18
17152,46,18
17152,47,19
17152,48,19
17152,49,19
17152,50,19
17152,51,19
17152,52,20
17152,53,20
17152,54,20
17152,55,21
17152,56,21
17152,57,21
17152,58,22
17152,59,22
17152,60,22
17152,61,22
17152,62,22
17152,63,23
17152,64,23
17152,65,23
17152,66,23
17152,67,24
17408,1,10
17408,2,10
17408,3,10
17408,4,10
17408,5,10
17408,6,10
17408,7,10
17408,8,10
17408,9,10
17408,10,10
17408,11,10
17408,12,10
17408,13,11
17408,14,11
17408,15,11
17408,16,11
17408,17,11
17408,18,12
17408,19,12
17408,20,12
17408,21,12
17408,22,13
17408,23,13
17408,24,13
17408,25,13
17408,26,14
17408,27,14
17408,28,14
17408,29,14
17408,30,15
17408,31,15
17408,32,15
17408,33,16
17408,34,16
17408,35,16
17408,36,16
17408,37,16
17408,38,16
17408,39,17
17408,40,17
17408,41,17
17408,42,17
17408,43,18
17408,44,18
17408,45,18
17408,46,18
17408,47,19
17408,48,19
17408,49,19
17408,50,19
17408,51,20
17408,52,20
17408,53,20
17408,54,20
17408,55,21
17408,56,21
17408,57,21
17408,58,21
17408,59,22
17408,60,22
17408,61,22
17408,62,22
17408,63,23
17408,64,23
17408,65,23
17408,66,23
17408,67,24
17408,68,24
17664,1,10
17664,2,10
17664,3,10
17664,4,10
17664,5,10
17664,6,10
17664,7,10
17664,8,10
17664,9,10
17664,10,10
17664,11,10
17664,12,10
17664,13,11
17664,14,11
17664,15,11
17664,16,11
17664,17,11
17664,18,12
17664,19,12
17664,20,12
17664,21,13
17664,22,13
17664,23,13
17664,24,13
17664,25,13
17664,26,14
17664,27,14
17664,28,14
17664,29,14
17664,30,15
17664,31,15
17664,32,15
17664,33,15
17664,34,16
17664,35,16
17664,36,16
17664,37,16
17664,38,17
17664,39,17
17664,40,17
17664,41,17
17664,42,18
17664,43,18
17664,44,18
17664,45,18
17664,46,18
17664,47,19
17664,48,19
17664,49,19
17664,50,19
17664,51,20
17664,52,20
17664,53,20
17664,54,20
17664,55,21
17664,56,21
17664,57,21
17664,58,21
17664,59,22
17664,60,22
17664,61,22
17664,62,22
17664,63,30
17664,64,30
17664,65,23
17664,66,23
17664,67,24
17664,68,24
17664,69,24
17920,1,10
17920,2,10
17920,3,10
17920,4,10
17920,5,10
17920,6,10
17920,7,10
17920,8,10
17920,9,10
17920,10,10
17920,11,10
17920,12,10
17920,13,11
17920,14,11
17920,15,11
17920,16,11
17920,17,11
17920,18,12
17920,19,12
17920,20,12
17920,21,12
17920,22,13
17920,23,13
17920,24,13
17920,25,13
17920,26,14
17920,27,14
17920,28,14
17920,29,14
17920,30,15
17920,31,15
17920,32,15
17920,33,15
17920,34,16
17920,35,16
17920,36,16
17920,37,16
17920,38,16
17920,39,17
17920,40,17
17920,41,17
17920,42,17
17920,43,18
17920,44,18
17920,45,18
17920,46,19
17920,47,19
17920,48,19
17920,49,19
17920,50,19
17920,51,20
17920,52,20
17920,53,20
17920,54,20
17920,55,21
17920,56,21
17920,57,21
17920,58,21
17920,59,22
17920,60,22
17920,61,22
17920,62,22
17920,63,23
17920,64,23
17920,65,23
17920,66,24
17920,67,24
17920,68,24
17920,69,24
17920,70,25
18176,1,10
18176,2,10
18176,3,10
18176,4,10
18176,5,10
18176,6,10
18176,7,10
18176,8,10
18176,9,10
18176,10,10
18176,11,10
18176,12,10
18176,13,11
18176,14,11
18176,15,11
18176,16,11
18176,17,12
18176,18,12
18176,19,12
18176,20,12
18176,21,12
18176,22,13
18176,23,13
18176,24,13
18176,25,13
18176,26,14
18176,27,14
18176,28,14
18176,29,14
18176,30,15
18176,31,15
18176,32,15
18176,33,15
18176,34,16
18176,35,16
18176,36,16
18176,37,16
18176,38,16
18176,39,17
18176,40,17
18176,41,17
18176,42,17
18176,43,18
18176,44,18
18176,45,18
18176,46,18
18176,47,19
18176,48,19
18176,49,19
18176,50,20
18176,51,20
18176,52,20
18176,53,20
18176,54,20
18176,55,21
18176,56,21
18176,57,21
18176,58,21
18176,59,22
18176,60,22
18176,61,22
18176,62,22
18176,63,22
18176,64,23
18176,65,23
18176,66,23
18176,67,23
18176,68,24
18176,69,24
18176,70,24
18176,71,24
18432,1,10
18432,2,10
18432,3,10
18432,4,10
18432,5,10
18432,6,10
18432,7,10
18432,8,10
18432,9,10
18432,10,10
18432,11,10
18432,12,10
18432,13,11
18432,14,11
18432,15,11
18432,16,11
18432,17,11
18432,18,12
18432,19,12
18432,20,12
18432,21,12
18432,22,13
18432,23,13
18432,24,13
18432,25,14
18432,26,14
18432,27,14
18432,28,14
18432,29,14
18432,30,15
18432,31,15
18432,32,15
18432,33,15
18432,34,16
18432,35,16
18432,36,16
18432,37,16
18432,38,16
18432,39,17
18432,40,17
18432,41,17
18432,42,17
18432,43,18
18432,44,18
18432,45,18
18432,46,18
18432,47,19
18432,48,19
18432,49,19
18432,50,19
18432,51,19
18432,52,20
18432,53,20
18432,54,20
18432,55,21
18432,56,21
18432,57,21
18432,58,21
18432,59,22
18432,60,22
18432,61,22
18432,62,22
18432,63,23
18432,64,23
18432,65,23
18432,66,23
18432,67,24
18432,68,24
18432,69,24
18432,70,24
18432,71,25
18432,72,25
18688,1,10
18688,2,10
18688,3,10
18688,4,10
18688,5,10
18688,6,10
18688,7,10
18688,8,10
18688,9,10
18688,10,10
18688,11,10
18688,12,10
18688,13,11
18688,14,11
18688,15,11
18688,16,11
18688,17,12
18688,18,12
18688,19,12
18688,20,12
18688,21,12
18688,22,13
18688,23,13
18688,24,13
18688,25,13
18688,26,14
18688,27,14
18688,28,14
18688,29,14
18688,30,15
18688,31,15
18688,32,15
18688,33,15
18688,34,16
18688,35,16
18688,36,16
18688,37,16
18688,38,16
18688,39,17
18688,40,17
18688,41,17
18688,42,17
18688,43,18
18688,44,18
18688,45,18
18688,46,18
18688,47,19
18688,48,19
18688,49,19
18688,50,19
18688,51,20
18688,52,20
18688,53,20
18688,54,20
18688,55,21
18688,56,21
18688,57,21
18688,58,21
18688,59,22
18688,60,22
18688,61,22
18688,62,22
18688,63,23
18688,64,23
18688,65,23
18688,66,23
18688,67,23
18688,68,24
18688,69,24
18688,70,24
18688,71,24
18688,72,25
18688,73,25
18944,1,10
18944,2,10
18944,3,10
18944,4,10
18944,5,10
18944,6,10
18944,7,10
18944,8,10
18944,9,10
18944,10,10
18944,11,10
18944,12,10
18944,13,11
18944,14,11
18944,15,11
18944,16,11
18944,17,11
18944,18,12
18944,19,12
18944,20,12
18944,21,12
18944,22,13
18944,23,13
18944,24,13
18944,25,13
18944,26,14
18944,27,14
18944,28,14
18944,29,14
18944,30,15
18944,31,15
18944,32,15
18944,33,15
18944,34,16
18944,35,16
18944,36,16
18944,37,16
18944,38,16
18944,39,17
18944,40,17
18944,41,17
18944,42,17
18944,43,18
18944,44,18
18944,45,18
18944,46,18
18944,47,19
18944,48,19
18944,49,19
18944,50,19
18944,51,19
18944,52,20
18944,53,20
18944,54,20
18944,55,21
18944,56,21
18944,57,21
18944,58,21
18944,59,22
18944,60,22
18944,61,22
18944,62,22
18944,63,23
18944,64,23
18944,65,23
18944,66,23
18944,67,23
18944,68,24
18944,69,24
18944,70,24
18944,71,24
18944,72,25
18944,73,25
18944,74,25
19200,1,10
19200,2,10
19200,3,10
19200,4,10
19200,5,11
19200,6,10
19200,7,10
19200,8,10
19200,9,10
19200,10,10
19200,11,10
19200,12,11
19200,13,11
19200,14,11
19200,15,11
19200,16,11
19200,17,11
19200,18,12
19200,19,12
19200,20,12
19200,21,12
19200,22,13
19200,23,13
19200,24,13
19200,25,13
19200,26,14
19200,27,14
19200,28,14
19200,29,14
19200,30,15
19200,31,15
19200,32,15
19200,33,15
19200,34,16
19200,35,16
19200,36,16
19200,37,16
19200,38,16
19200,39,17
19200,40,17
19200,41,17
19200,42,17
19200,43,18
19200,44,18
19200,45,18
19200,46,18
19200,47,19
19200,48,19
19200,49,19
19200,50,19
19200,51,20
19200,52,20
19200,53,20
19200,54,20
19200,55,21
19200,56,21
19200,57,21
19200,58,21
19200,59,22
19200,60,22
19200,61,22
19200,62,22
19200,63,23
19200,64,23
19200,65,23
19200,66,23
19200,67,23
19200,68,24
19200,69,24
19200,70,24
19200,71,24
19200,72,25
19200,73,25
19200,74,25
19200,75,25
19456,1,10
19456,2,10
19456,3,10
19456,4,10
19456,5,11
19456,6,10
19456,7,10
19456,8,10
19456,9,10
19456,10,10
19456,11,10
19456,12,11
19456,13,11
19456,14,11
19456,15,11
19456,16,11
19456,17,11
19456,18,12
19456,19,12
19456,20,12
19456,21,12
19456,22,13
19456,23,13
19456,24,13
19456,25,13
19456,26,14
19456,27,14
19456,28,14
19456,29,14
19456,30,15
19456,31,15
19456,32,15
19456,33,15
19456,34,16
19456,35,16
19456,36,16
19456,37,16
19456,38,16
19456,39,17
19456,40,17
19456,41,17
19456,42,17
19456,43,18
19456,44,18
19456,45,18
19456,46,18
19456,47,19
19456,48,19
19456,49,19
19456,50,19
19456,51,19
19456,52,20
19456,53,20
19456,54,20
19456,55,21
19456,56,21
19456,57,21
19456,58,21
19456,59,22
19456,60,22
19456,61,22
19456,62,22
19456,63,23
19456,64,23
19456,65,23
19456,66,23
19456,67,23
19456,68,24
19456,69,24
19456,70,24
19456,71,24
19456,72,25
19456,73,25
19456,74,25
19456,75,25
19456,76,26
19712,1,10
19712,2,10
19712,3,10
19712,4,10
19712,5,11
19712,6,11
19712,7,10
19712,8,10
19712,9,10
19712,10,11
19712,11,10
19712,12,11
19712,13,11
19712,14,11
19712,15,11
19712,16,11
19712,17,11
19712,18,12
19712,19,12
19712,20,12
19712,21,12
19712,22,13
19712,23,13
19712,24,13
19712,25,13
19712,26,14
19712,27,14
19712,28,14
19712,29,14
19712,30,15
19712,31,15
19712,32,15
19712,33,15
19712,34,16
19712,35,16
19712,36,16
19712,37,16
19712,38,16
19712,39,17
19712,40,17
19712,41,17
19712,42,17
19712,43,18
19712,44,18
19712,45,18
19712,46,18
19712,47,19
19712,48,19
19712,49,19
19712,50,19
19712,51,20
19712,52,20
19712,53,20
19712,54,20
19712,55,21
19712,56,21
19712,57,21
19712,58,21
19712,59,22
19712,60,22
19712,61,22
19712,62,22
19712,63,23
19712,64,23
19712,65,23
19712,66,23
19712,67,24
19712,68,24
19712,69,24
19712,70,24
19712,71,24
19712,72,25
19712,73,25
19712,74,25
19712,75,25
19712,76,26
19712,77,26
19968,1,10
19968,2,10
19968,3,10
19968,4,10
19968,5,11
19968,6,11
19968,7,10
19968,8,10
19968,9,10
19968,10,11
19968,11,11
19968,12,11
19968,13,11
19968,14,11
19968,15,11
19968,16,11
19968,17,12
19968,18,12
19968,19,12
19968,20,12
19968,21,12
19968,22,13
19968,23,13
19968,24,13
19968,25,13
19968,26,14
19968,27,14
19968,28,14
19968,29,14
19968,30,15
19968,31,15
19968,32,15
19968,33,15
19968,34,16
19968,35,16
19968,36,16
19968,37,16
19968,38,16
19968,39,17
19968,40,17
19968,41,17
19968,42,17
19968,43,18
19968,44,18
19968,45,18
19968,46,18
19968,47,19
19968,48,19
19968,49,19
19968,50,19
19968,51,19
19968,52,20
19968,53,20
19968,54,21
19968,55,21
19968,56,21
19968,57,21
19968,58,21
19968,59,22
19968,60,22
19968,61,22
19968,62,22
19968,63,23
19968,64,23
19968,65,23
19968,66,23
19968,67,24
19968,68,24
19968,69,24
19968,70,24
19968,71,25
19968,72,25
19968,73,25
19968,74,25
19968,75,25
19968,76,26
19968,77,26
19968,78,26
20224,1,10
20224,2,10
20224,3,10
20224,4,11
20224,5,11
20224,6,10
20224,7,10
20224,8,10
20224,9,10
20224,10,11
20224,11,11
20224,12,11
20224,13,11
20224,14,11
20224,15,11
20224,16,11
20224,17,11
20224,18,12
20224,19,12
20224,20,12
20224,21,12
20224,22,13
20224,23,13
20224,24,13
20224,25,13
20224,26,14
20224,27,14
20224,28,14
20224,29,14
20224,30,15
20224,31,15
20224,32,15
20224,33,15
20224,34,16
20224,35,16
20224,36,16
20224,37,16
20224,38,16
20224,39,17
20224,40,17
20224,41,17
20224,42,17
20224,43,18
20224,44,18
20224,45,18
20224,46,18
20224,47,19
20224,48,19
20224,49,19
20224,50,19
20224,51,20
20224,52,20
20224,53,20
20224,54,20
20224,55,21
20224,56,21
20224,57,21
20224,58,21
20224,59,22
20224,60,22
20224,61,22
20224,62,22
20224,63,22
20224,64,23
20224,65,23
20224,66,23
20224,67,24
20224,68,24
20224,69,24
20224,70,24
20224,71,25
20224,72,25
20224,73,25
20224,74,25
20224,75,26
20224,76,26
20224,77,26
20224,78,26
20224,79,27
20480,1,10
20480,2,10
20480,3,10
20480,4,11
20480,5,11
20480,6,11
20480,7,11
20480,8,10
20480,9,11
20480,10,11
20480,11,11
20480,12,11
20480,13,11
20480,14,11
20480,15,11
20480,16,11
20480,17,11
20480,18,12
20480,19,12
20480,20,12
20480,21,12
20480,22,13
20480,23,13
20480,24,13
20480,25,13
20480,26,14
20480,27,14
20480,28,14
20480,29,14
20480,30,15
20480,31,15
20480,32,15
20480,33,15
20480,34,16
20480,35,16
20480,36,16
20480,37,16
20480,38,16
20480,39,17
20480,40,17
20480,41,17
20480,42,17
20480,43,18
20480,44,18
20480,45,18
20480,46,18
20480,47,19
20480,48,19
20480,49,19
20480,50,20
20480,51,20
20480,52,20
20480,53,20
20480,54,20
20480,55,21
20480,56,21
20480,57,21
20480,58,21
20480,59,22
20480,60,22
20480,61,22
20480,62,22
20480,63,23
20480,64,23
20480,65,23
20480,66,23
20480,67,23
20480,68,24
20480,69,24
20480,70,24
20480,71,24
20480,72,25
20480,73,25
20480,74,25
20480,75,25
20480,76,26
20480,77,27
20480,78,27
20480,79,26
20480,80,27
20736,1,10
20736,2,10
20736,3,10
20736,4,11
20736,5,11
20736,6,11
20736,7,11
20736,8,10
20736,9,11
20736,10,11
20736,11,11
20736,12,11
20736,13,11
20736,14,11
20736,15,11
20736,16,11
20736,17,11
20736,18,12
20736,19,12
20736,20,12
20736,21,12
20736,22,13
20736,23,13
20736,24,13
20736,25,13
20736,26,14
20736,27,14
20736,28,14
20736,29,14
20736,30,15
20736,31,15
20736,32,15
20736,33,15
20736,34,16
20736,35,16
20736,36,16
20736,37,16
20736,38,16
20736,39,17
20736,40,17
20736,41,17
20736,42,18
20736,43,18
20736,44,18
20736,45,18
20736,46,18
20736,47,19
20736,48,19
20736,49,19
20736,50,20
20736,51,19
20736,52,20
20736,53,20
20736,54,20
20736,55,21
20736,56,21
20736,57,21
20736,58,22
20736,59,22
20736,60,22
20736,61,22
20736,62,23
20736,63,23
20736,64,23
20736,65,23
20736,66,23
20736,67,24
20736,68,24
20736,69,24
20736,70,24
20736,71,25
20736,72,25
20736,73,25
20736,74,25
20736,75,26
20736,76,26
20736,77,26
20736,78,26
20736,79,27
20736,80,27
20736,81,27
20992,1,10
20992,2,10
20992,3,10
20992,4,11
20992,5,11
20992,6,11
20992,7,11
20992,8,11
20992,9,11
20992,10,11
20992,11,11
20992,12,11
20992,13,11
20992,14,11
20992,15,11
20992,16,11
20992,17,11
20992,18,12
20992,19,12
20992,20,12
20992,21,12
20992,22,13
20992,23,13
20992,24,13
20992,25,13
20992,26,14
20992,27,14
20992,28,14
20992,29,15
20992,30,15
20992,31,15
20992,32,15
20992,33,15
20992,34,16
20992,35,16
20992,36,16
20992,37,16
20992,38,16
20992,39,17
20992,40,17
20992,41,17
20992,42,18
20992,43,18
20992,44,18
20992,45,18
20992,46,18
20992,47,19
20992,48,19
20992,49,19
20992,50,19
20992,51,19
20992,52,20
20992,53,20
20992,54,20
20992,55,21
20992,56,21
20992,57,21
20992,58,21
20992,59,22
20992,60,22
20992,61,22
20992,62,23
20992,63,22
20992,64,23
20992,65,23
20992,66,24
20992,67,24
20992,68,24
20992,69,24
20992,70,24
20992,71,25
20992,72,25
20992,73,25
20992,74,25
20992,75,26
20992,76,26
20992,77,26
20992,78,26
20992,79,27
20992,80,27
20992,81,27
20992,82,27
21248,1,10
21248,2,10
21248,3,10
21248,4,11
21248,5,11
21248,6,11
21248,7,11
21248,8,11
21248,9,11
21248,10,11
21248,11,11
21248,12,11
21248,13,11
21248,14,11
21248,15,11
21248,16,11
21248,17,12
21248,18,12
21248,19,12
21248,20,12
21248,21,12
21248,22,13
21248,23,13
21248,24,13
21248,25,13
21248,26,14
21248,27,14
21248,28,14
21248,29,14
21248,30,15
21248,31,15
21248,32,15
21248,33,15
21248,34,16
21248,35,16
21248,36,16
21248,37,16
21248,38,16
21248,39,17
21248,40,17
21248,41,17
21248,42,17
21248,43,18
21248,44,18
21248,45,18
21248,46,19
21248,47,19
21248,48,19
21248,49,19
21248,50,19
21248,51,20
21248,52,20
21248,53,20
21248,54,20
21248,55,21
21248,56,21
21248,57,21
21248,58,21
21248,59,22
21248,60,22
21248,61,22
21248,62,22
21248,63,23
21248,64,23
21248,65,23
21248,66,23
21248,67,23
21248,68,24
21248,69,24
21248,70,24
21248,71,24
21248,72,25
21248,73,25
21248,74,25
21248,75,25
21248,76,26
21248,77,26
21248,78,27
21248,79,26
21248,80,27
21248,81,27
21248,82,27
21248,83,27
21504,1,10
21504,2,10
21504,3,10
21504,4,11
21504,5,11
21504,6,11
21504,7,11
21504,8,11
21504,9,11
21504,10,11
21504,11,11
21504,12,11
21504,13,11
21504,14,11
21504,15,11
21504,16,11
21504,17,11
21504,18,12
21504,19,12
21504,20,12
21504,21,12
21504,22,13
21504,23,13
21504,24,13
21504,25,13
21504,26,14
21504,27,14
21504,28,14
21504,29,14
21504,30,15
21504,31,15
21504,32,15
21504,33,15
21504,34,16
21504,35,16
21504,36,16
21504,37,16
21504,38,16
21504,39,17
21504,40,17
21504,41,17
21504,42,18
21504,43,18
21504,44,18
21504,45,18
21504,46,18
21504,47,19
21504,48,19
21504,49,19
21504,50,19
21504,51,20
21504,52,20
21504,53,20
21504,54,20
21504,55,21
21504,56,21
21504,57,21
21504,58,22
21504,59,22
21504,60,22
21504,61,22
21504,62,22
21504,63,23
21504,64,23
21504,65,23
21504,66,23
21504,67,24
21504,68,24
21504,69,24
21504,70,24
21504,71,25
21504,72,25
21504,73,25
21504,74,25
21504,75,26
21504,76,26
21504,77,26
21504,78,26
21504,79,27
21504,80,27
21504,81,27
21504,82,27
21504,83,28
21504,84,28
21760,1,10
21760,2,10
21760,3,10
21760,4,11
21760,5,11
21760,6,11
21760,7,11
21760,8,11
21760,9,11
21760,10,11
21760,11,11
21760,12,11
21760,13,11
21760,14,11
21760,15,11
21760,16,11
21760,17,12
21760,18,12
21760,19,12
21760,20,12
21760,21,12
21760,22,13
21760,23,13
21760,24,13
21760,25,13
21760,26,14
21760,27,14
21760,28,14
21760,29,14
21760,30,15
21760,31,15
21760,32,15
21760,33,15
21760,34,16
21760,35,16
21760,36,16
21760,37,16
21760,38,17
21760,39,17
21760,40,17
21760,41,17
21760,42,17
21760,43,18
21760,44,18
21760,45,18
21760,46,18
21760,47,19
21760,48,19
21760,49,19
21760,50,19
21760,51,20
21760,52,20
21760,53,20
21760,54,21
21760,55,21
21760,56,21
21760,57,21
21760,58,21
21760,59,22
21760,60,22
21760,61,22
21760,62,22
21760,63,23
21760,64,23
21760,65,23
21760,66,23
21760,67,23
21760,68,24
21760,69,24
21760,70,24
21760,71,24
21760,72,25
21760,73,25
21760,74,25
21760,75,25
21760,76,26
21760,77,26
21760,78,26
21760,79,26
21760,80,27
21760,81,27
21760,82,27
21760,83,27
21760,84,28
21760,85,28
22016,1,10
22016,2,10
22016,3,11
22016,4,11
22016,5,11
22016,6,11
22016,7,11
22016,8,11
22016,9,11
22016,10,11
22016,11,11
22016,12,11
22016,13,11
22016,14,11
22016,15,11
22016,16,11
22016,17,11
22016,18,12
22016,19,12
22016,20,12
22016,21,12
22016,22,13
22016,23,13
22016,24,13
22016,25,13
22016,26,14
22016,27,14
22016,28,14
22016,29,14
22016,30,15
22016,31,15
22016,32,15
22016,33,15
22016,34,16
22016,35,16
22016,36,16
22016,37,17
22016,38,16
22016,39,17
22016,40,17
22016,41,17
22016,42,17
22016,43,18
22016,44,18
22016,45,18
22016,46,18
22016,47,19
22016,48,19
22016,49,19
22016,50,19
22016,51,20
22016,52,20
22016,53,20
22016,54,20
22016,55,21
22016,56,21
22016,57,21
22016,58,22
22016,59,22
22016,60,22
22016,61,22
22016,62,22
22016,63,23
22016,64,23
22016,65,23
22016,66,23
22016,67,24
22016,68,24
22016,69,24
22016,70,24
22016,71,25
22016,72,25
22016,73,25
22016,74,25
22016,75,26
22016,76,26
22016,77,26
22016,78,26
22016,79,26
22016,80,27
22016,81,27
22016,82,27
22016,83,28
22016,84,28
22016,85,28
22016,86,28
22272,1,11
22272,2,11
22272,3,11
22272,4,11
22272,5,11
22272,6,11
22272,7,11
22272,8,11
22272,9,11
22272,10,11
22272,11,11
22272,12,11
22272,13,11
22272,14,11
22272,15,11
22272,16,11
22272,17,11
22272,18,12
22272,19,12
22272,20,12
22272,21,12
22272,22,13
22272,23,13
22272,24,13
22272,25,13
22272,26,14
22272,27,14
22272,28,14
22272,29,14
22272,30,15
22272,31,15
22272,32,15
22272,33,15
22272,34,16
22272,35,16
22272,36,16
22272,37,16
22272,38,16
22272,39,17
22272,40,17
22272,41,17
22272,42,17
22272,43,18
22272,44,18
22272,45,18
22272,46,19
22272,47,19
22272,48,19
22272,49,19
22272,50,19
22272,51,20
22272,52,20
22272,53,20
22272,54,20
22272,55,21
22272,56,21
22272,57,21
22272,58,21
22272,59,22
22272,60,22
22272,61,22
22272,62,22
22272,63,22
22272,64,23
22272,65,23
22272,66,24
22272,67,23
22272,68,24
22272,69,24
22272,70,24
22272,71,25
22272,72,25
22272,73,25
22272,74,25
22272,75,25
22272,76,26
22272,77,26
22272,78,26
22272,79,26
22272,80,27
22272,81,27
22272,82,27
22272,83,27
22272,84,28
22272,85,28
22272,86,28
22272,87,28
22528,1,10
22528,2,10
22528,3,10
22528,4,11
22528,5,11
22528,6,11
22528,7,11
22528,8,11
22528,9,11
22528,10,11
22528,11,11
22528,12,11
22528,13,11
22528,14,11
22528,15,11
22528,16,11
22528,17,11
22528,18,12
22528,19,12
22528,20,12
22528,21,12
22528,22,13
22528,23,13
22528,24,13
22528,25,13
22528,26,14
22528,27,14
22528,28,14
22528,29,14
22528,30,15
22528,31,15
22528,32,15
22528,33,15
22528,34,16
22528,35,16
22528,36,16
22528,37,16
22528,38,16
22528,39,17
22528,40,17
22528,41,17
22528,42,18
22528,43,18
22528,44,18
22528,45,18
22528,46,18
22528,47,19
22528,48,19
22528,49,19
22528,50,19
22528,51,20
22528,52,20
22528,53,20
22528,54,20
22528,55,21
22528,56,21
22528,57,21
22528,58,22
22528,59,22
22528,60,22
22528,61,22
22528,62,22
22528,63,23
22528,64,23
22528,65,23
22528,66,23
22528,67,24
22528,68,24
22528,69,24
22528,70,24
22528,71,25
22528,72,25
22528,73,25
22528,74,25
22528,75,26
22528,76,26
22528,77,26
22528,78,26
22528,79,27
22528,80,27
22528,81,27
22528,82,27
22528,83,28
22528,84,28
22528,85,28
22528,86,28
22528,87,29
22528,88,29
22784,1,10
22784,2,10
22784,3,11
22784,4,11
22784,5,11
22784,6,11
22784,7,11
22784,8,11
22784,9,11
22784,10,11
22784,11,11
22784,12,11
22784,13,11
22784,14,11
22784,15,11
22784,16,11
22784,17,11
22784,18,12
22784,19,12
22784,20,12
22784,21,12
22784,22,13
22784,23,13
22784,24,13
22784,25,13
22784,26,14
22784,27,14
22784,28,14
22784,29,14
22784,30,15
22784,31,15
22784,32,15
22784,33,15
22784,34,16
22784,35,16
22784,36,16
22784,37,17
22784,38,16
22784,39,17
22784,40,17
22784,41,17
22784,42,17
22784,43,18
22784,44,18
22784,45,18
22784,46,18
22784,47,19
22784,48,19
22784,49,19
22784,50,19
22784,51,20
22784,52,20
22784,53,20
22784,54,20
22784,55,21
22784,56,21
22784,57,21
22784,58,22
22784,59,22
22784,60,22
22784,61,22
22784,62,22
22784,63,23
22784,64,23
22784,65,23
22784,66,23
22784,67,24
22784,68,24
22784,69,24
22784,70,24
22784,71,25
22784,72,25
22784,73,25
22784,74,25
22784,75,26
22784,76,26
22784,77,26
22784,78,26
22784,79,27
22784,80,27
22784,81,27
22784,82,27
22784,83,28
22784,84,28
22784,85,28
22784,86,28
22784,87,29
22784,88,29
22784,89,29
23040,1,10
23040,2,10
23040,3,11
23040,4,11
23040,5,11
23040,6,11
23040,7,11
23040,8,11
23040,9,11
23040,10,11
23040,11,11
23040,12,11
23040,13,11
23040,14,11
23040,15,11
23040,16,11
23040,17,11
23040,18,12
23040,19,12
23040,20,12
23040,21,13
23040,22,13
23040,23,13
23040,24,13
23040,25,13
23040,26,14
23040,27,14
23040,28,14
23040,29,14
23040,30,15
23040,31,15
23040,32,15
23040,33,15
23040,34,16
23040,35,16
23040,36,16
23040,37,16
23040,38,16
23040,39,17
23040,40,17
23040,41,17
23040,42,17
23040,43,18
23040,44,18
23040,45,18
23040,46,18
23040,47,19
23040,48,19
23040,49,19
23040,50,19
23040,51,20
23040,52,20
23040,53,20
23040,54,20
23040,55,21
23040,56,21
23040,57,21
23040,58,21
23040,59,22
23040,60,22
23040,61,22
23040,62,23
23040,63,23
23040,64,23
23040,65,23
23040,66,24
23040,67,24
23040,68,24
23040,69,24
23040,70,24
23040,71,25
23040,72,25
23040,73,25
23040,74,25
23040,75,26
23040,76,26
23040,77,26
23040,78,26
23040,79,26
23040,80,27
23040,81,27
23040,82,28
23040,83,27
23040,84,28
23040,85,28
23040,86,28
23040,87,28
23040,88,29
23040,89,29
23040,90,29
23296,1,10
23296,2,10
23296,3,11
23296,4,11
23296,5,11
23296,6,11
23296,7,11
23296,8,11
23296,9,11
23296,10,11
23296,11,11
23296,12,11
23296,13,11
23296,14,11
23296,15,11
23296,16,11
23296,17,12
23296,18,12
23296,19,12
23296,20,12
23296,21,12
23296,22,13
23296,23,13
23296,24,13
23296,25,13
23296,26,14
23296,27,14
23296,28,14
23296,29,14
23296,30,15
23296,31,15
23296,32,15
23296,33,15
23296,34,16
23296,35,16
23296,36,16
23296,37,16
23296,38,17
23296,39,17
23296,40,17
23296,41,17
23296,42,17
23296,43,18
23296,44,18
23296,45,18
23296,46,18
23296,47,19
23296,48,19
23296,49,19
23296,50,19
23296,51,20
23296,52,20
23296,53,20
23296,54,21
23296,55,21
23296,56,21
23296,57,21
23296,58,21
23296,59,22
23296,60,22
23296,61,22
23296,62,22
23296,63,23
23296,64,23
23296,65,23
23296,66,23
23296,67,23
23296,68,24
23296,69,24
23296,70,24
23296,71,24
23296,72,25
23296,73,25
23296,74,25
23296,75,25
23296,76,26
23296,77,26
23296,78,26
23296,79,26
23296,80,27
23296,81,27
23296,82,27
23296,83,27
23296,84,28
23296,85,28
23296,86,28
23296,87,28
23296,88,29
23296,89,29
23296,90,29
23296,91,30
23552,1,10
23552,2,10
23552,3,11
23552,4,11
23552,5,11
23552,6,11
23552,7,11
23552,8,11
23552,9,11
23552,10,11
23552,11,11
23552,12,11
23552,13,11
23552,14,11
23552,15,11
23552,16,11
23552,17,11
23552,18,12
23552,19,12
23552,20,12
23552,21,12
23552,22,13
23552,23,13
23552,24,13
23552,25,13
23552,26,14
23552,27,14
23552,28,14
23552,29,14
23552,30,15
23552,31,15
23552,32,15
23552,33,16
23552,34,16
23552,35,16
23552,36,16
23552,37,16
23552,38,16
23552,39,17
23552,40,17
23552,41,17
23552,42,17
23552,43,18
23552,44,18
23552,45,18
23552,46,18
23552,47,19
23552,48,19
23552,49,19
23552,50,19
23552,51,20
23552,52,20
23552,53,20
23552,54,20
23552,55,21
23552,56,21
23552,57,21
23552,58,21
23552,59,22
23552,60,22
23552,61,22
23552,62,22
23552,63,22
23552,64,23
23552,65,23
23552,66,23
23552,67,24
23552,68,24
23552,69,24
23552,70,24
23552,71,25
23552,72,25
23552,73,25
23552,74,25
23552,75,25
23552,76,26
23552,77,26
23552,78,26
23552,79,26
23552,80,27
23552,81,27
23552,82,27
23552,83,27
23552,84,28
23552,85,28
23552,86,28
23552,87,28
23552,88,29
23552,89,29
23552,90,29
23552,91,29
23552,92,30
23808,1,11
23808,2,11
23808,3,11
23808,4,11
23808,5,11
23808,6,11
23808,7,11
23808,8,11
23808,9,11
23808,10,11
23808,11,11
23808,12,11
23808,13,11
23808,14,11
23808,15,11
23808,16,11
23808,17,12
23808,18,12
23808,19,12
23808,20,12
23808,21,12
23808,22,13
23808,23,13
23808,24,13
23808,25,14
23808,26,14
23808,27,14
23808,28,14
23808,29,14
23808,30,15
23808,31,15
23808,32,15
23808,33,15
23808,34,16
23808,35,16
23808,36,16
23808,37,16
23808,38,17
23808,39,17
23808,40,17
23808,41,17
23808,42,17
23808,43,18
23808,44,18
23808,45,18
23808,46,18
23808,47,19
23808,48,19
23808,49,19
23808,50,19
23808,51,20
23808,52,20
23808,53,20
23808,54,20
23808,55,21
23808,56,21
23808,57,21
23808,58,21
23808,59,22
23808,60,22
23808,61,22
23808,62,22
23808,63,23
23808,64,23
23808,65,23
23808,66,23
23808,67,24
23808,68,24
23808,69,24
23808,70,24
23808,71,25
23808,72,25
23808,73,25
23808,74,25
23808,75,25
23808,76,26
23808,77,26
23808,78,26
23808,79,26
23808,80,27
23808,81,27
23808,82,27
23808,83,27
23808,84,28
23808,85,28
23808,86,28
23808,87,28
23808,88,29
23808,89,29
23808,90,29
23808,91,29
23808,92,30
23808,93,30
24064,1,11
24064,2,11
24064,3,11
24064,4,11
24064,5,11
24064,6,11
24064,7,11
24064,8,11
24064,9,11
24064,10,11
24064,11,11
24064,12,11
24064,13,11
24064,14,11
24064,15,11
24064,16,11
24064,17,11
24064,18,12
24064,19,12
24064,20,12
24064,21,12
24064,22,13
24064,23,13
24064,24,13
24064,25,13
24064,26,14
24064,27,14
24064,28,14
24064,29,14
24064,30,15
24064,31,15
24064,32,15
24064,33,15
24064,34,16
24064,35,16
24064,36,16
24064,37,16
24064,38,16
24064,39,17
24064,40,17
24064,41,17
24064,42,18
24064,43,18
24064,44,18
24064,45,18
24064,46,19
24064,47,19
24064,48,19
24064,49,19
24064,50,19
24064,51,20
24064,52,20
24064,53,20
24064,54,20
24064,55,21
24064,56,21
24064,57,21
24064,58,21
24064,59,22
24064,60,22
24064,61,22
24064,62,23
24064,63,23
24064,64,23
24064,65,23
24064,66,23
24064,67,24
24064,68,24
24064,69,24
24064,70,24
24064,71,25
24064,72,25
24064,73,25
24064,74,25
24064,75,26
24064,76,26
24064,77,26
24064,78,26
24064,79,27
24064,80,27
24064,81,27
24064,82,27
24064,83,28
24064,84,28
24064,85,28
24064,86,28
24064,87,28
24064,88,29
24064,89,29
24064,90,30
24064,91,29
24064,92,30
24064,93,30
24064,94,30
24320,1,11
24320,2,11
24320,3,11
24320,4,11
24320,5,11
24320,6,11
24320,7,11
24320,8,11
24320,9,11
24320,10,11
24320,11,11
24320,12,11
24320,13,11
24320,14,11
24320,15,11
24320,16,11
24320,17,11
24320,18,12
24320,19,12
24320,20,12
24320,21,12
24320,22,13
24320,23,13
24320,24,13
24320,25,13
24320,26,14
24320,27,14
24320,28,14
24320,29,14
24320,30,15
24320,31,15
24320,32,15
24320,33,16
24320,34,16
24320,35,16
24320,36,17
24320,37,17
24320,38,17
24320,39,17
24320,40,17
24320,41,17
24320,42,17
24320,43,18
24320,44,18
24320,45,18
24320,46,18
24320,47,19
24320,48,19
24320,49,19
24320,50,19
24320,51,20
24320,52,20
24320,53,20
24320,54,21
24320,55,21
24320,56,21
24320,57,21
24320,58,21
24320,59,22
24320,60,22
24320,61,22
24320,62,22
24320,63,23
24320,64,23
24320,65,23
24320,66,23
24320,67,24
24320,68,24
24320,69,24
24320,70,24
24320,71,25
24320,72,25
24320,73,25
24320,74,25
24320,75,25
24320,76,26
24320,77,26
24320,78,26
24320,79,26
24320,80,27
24320,81,27
24320,82,27
24320,83,27
24320,84,28
24320,85,28
24320,86,28
24320,87,29
24320,88,29
24320,89,29
24320,90,29
24320,91,30
24320,92,30
24320,93,30
24320,94,30
24320,95,30
24576,1,11
24576,2,11
24576,3,11
24576,4,11
24576,5,11
24576,6,11
24576,7,11
24576,8,11
24576,9,11
24576,10,11
24576,11,11
24576,12,11
24576,13,11
24576,14,11
24576,15,11
24576,16,11
24576,17,11
24576,18,12
24576,19,12
24576,20,12
24576,21,12
24576,22,13
24576,23,13
24576,24,13
24576,25,13
24576,26,14
24576,27,14
24576,28,14
24576,29,14
24576,30,15
24576,31,15
24576,32,15
24576,33,15
24576,34,16
24576,35,16
24576,36,16
24576,37,16
24576,38,16
24576,39,17
24576,40,17
24576,41,17
24576,42,17
24576,43,18
24576,44,18
24576,45,18
24576,46,18
24576,47,19
24576,48,19
24576,49,19
24576,50,19
24576,51,20
24576,52,20
24576,53,20
24576,54,21
24576,55,20
24576,56,21
24576,57,21
24576,58,21
24576,59,22
24576,60,22
24576,61,22
24576,62,22
24576,63,23
24576,64,23
24576,65,23
24576,66,23
24576,67,24
24576,68,24
24576,69,24
24576,70,24
24576,71,24
24576,72,25
24576,73,25
24576,74,25
24576,75,25
24576,76,26
24576,77,26
24576,78,27
24576,79,28
24576,80,28
24576,81,27
24576,82,27
24576,83,28
24576,84,28
24576,85,28
24576,86,28
24576,87,29
24576,88,29
24576,89,29
24576,90,29
24576,91,29
24576,92,30
24576,93,30
24576,94,30
24576,95,30
24576,96,31
24832,1,11
24832,2,11
24832,3,11
24832,4,11
24832,5,11
24832,6,11
24832,7,11
24832,8,11
24832,9,11
24832,10,11
24832,11,11
24832,12,11
24832,13,11
24832,14,11
24832,15,11
24832,16,11
24832,17,11
24832,18,12
24832,19,12
24832,20,12
24832,21,13
24832,22,13
24832,23,13
24832,24,13
24832,25,13
24832,26,14
24832,27,14
24832,28,14
24832,29,14
24832,30,15
24832,31,15
24832,32,15
24832,33,15
24832,34,16
24832,35,16
24832,36,16
24832,37,16
24832,38,16
24832,39,17
24832,40,17
24832,41,17
24832,42,17
24832,43,18
24832,44,18
24832,45,18
24832,46,18
24832,47,19
24832,48,19
24832,49,19
24832,50,19
24832,51,20
24832,52,20
24832,53,20
24832,54,21
24832,55,21
24832,56,21
24832,57,21
24832,58,22
24832,59,22
24832,60,22
24832,61,22
24832,62,23
24832,63,22
24832,64,23
24832,65,23
24832,66,24
24832,67,24
24832,68,24
24832,69,24
24832,70,25
24832,71,25
24832,72,25
24832,73,25
24832,74,26
24832,75,26
24832,76,26
24832,77,26
24832,78,27
24832,79,26
24832,80,27
24832,81,27
24832,82,28
24832,83,27
24832,84,28
24832,85,28
24832,86,28
24832,87,28
24832,88,29
24832,89,29
24832,90,29
24832,91,29
24832,92,30
24832,93,30
24832,94,30
24832,95,30
24832,96,31
24832,97,31
25088,1,11
25088,2,11
25088,3,11
25088,4,11
25088,5,11
25088,6,11
25088,7,11
25088,8,11
25088,9,11
25088,10,11
25088,11,11
25088,12,11
25088,13,11
25088,14,11
25088,15,11
25088,16,11
25088,17,11
25088,18,12
25088,19,12
25088,20,12
25088,21,12
25088,22,13
25088,23,13
25088,24,13
25088,25,13
25088,26,14
25088,27,14
25088,28,14
25088,29,14
25088,30,15
25088,31,15
25088,32,15
25088,33,15
25088,34,16
25088,35,16
25088,36,16
25088,37,16
25088,38,16
25088,39,17
25088,40,17
25088,41,17
25088,42,17
25088,43,18
25088,44,18
25088,45,18
25088,46,18
25088,47,19
25088,48,19
25088,49,19
25088,50,19
25088,51,20
25088,52,20
25088,53,20
25088,54,21
25088,55,21
25088,56,21
25088,57,21
25088,58,21
25088,59,22
25088,60,22
25088,61,22
25088,62,22
25088,63,23
25088,64,23
25088,65,23
25088,66,23
25088,67,23
25088,68,24
25088,69,24
25088,70,24
25088,71,24
25088,72,25
25088,73,25
25088,74,25
25088,75,25
25088,76,26
25088,77,26
25088,78,26
25088,79,26
25088,80,27
25088,81,27
25088,82,27
25088,83,27
25088,84,28
25088,85,28
25088,86,28
25088,87,28
25088,88,29
25088,89,29
25088,90,29
25088,91,29
25088,92,29
25088,93,30
25088,94,30
25088,95,30
25088,96,30
25088,97,31
25088,98,31
25344,1,11
25344,2,11
25344,3,11
25344,4,11
25344,5,11
25344,6,11
25344,7,11
25344,8,11
25344,9,11
25344,10,11
25344,11,11
25344,12,11
25344,13,11
25344,14,11
25344,15,11
25344,16,11
25344,17,12
25344,18,12
25344,19,12
25344,20,12
25344,21,12
25344,22,13
25344,23,13
25344,24,13
25344,25,13
25344,26,14
25344,27,14
25344,28,14
25344,29,14
25344,30,15
25344,31,15
25344,32,15
25344,33,16
25344,34,16
25344,35,16
25344,36,16
25344,37,16
25344,38,17
25344,39,17
25344,40,17
25344,41,17
25344,42,17
25344,43,18
25344,44,18
25344,45,18
25344,46,18
25344,47,19
25344,48,19
25344,49,19
25344,50,19
25344,51,20
25344,52,20
25344,53,20
25344,54,20
25344,55,21
25344,56,21
25344,57,21
25344,58,21
25344,59,22
25344,60,22
25344,61,22
25344,62,22
25344,63,23
25344,64,23
25344,65,23
25344,66,23
25344,67,24
25344,68,24
25344,69,24
25344,70,24
25344,71,25
25344,72,25
25344,73,25
25344,74,25
25344,75,26
25344,76,26
25344,77,26
25344,78,26
25344,79,26
25344,80,27
25344,81,27
25344,82,27
25344,83,27
25344,84,28
25344,85,28
25344,86,28
25344,87,28
25344,88,29
25344,89,29
25344,90,29
25344,91,29
25344,92,29
25344,93,30
25344,94,32
25344,95,30
25344,96,31
25344,97,31
25344,98,31
25344,99,31
25600,1,11
25600,2,11
25600,3,11
25600,4,11
25600,5,11
25600,6,11
25600,7,11
25600,8,11
25600,9,11
25600,10,11
25600,11,11
25600,12,11
25600,13,11
25600,14,11
25600,15,11
25600,16,11
25600,17,12
25600,18,12
25600,19,12
25600,20,12
25600,21,12
25600,22,13
25600,23,13
25600,24,13
25600,25,14
25600,26,14
25600,27,14
25600,28,14
25600,29,14
25600,30,15
25600,31,15
25600,32,15
25600,33,15
25600,34,16
25600,35,16
25600,36,16
25600,37,16
25600,38,17
25600,39,17
25600,40,17
25600,41,17
25600,42,17
25600,43,18
25600,44,18
25600,45,18
25600,46,18
25600,47,19
25600,48,19
25600,49,19
25600,50,19
25600,51,20
25600,52,20
25600,53,20
25600,54,21
25600,55,21
25600,56,21
25600,57,21
25600,58,21
25600,59,22
25600,60,22
25600,61,22
25600,62,22
25600,63,23
25600,64,23
25600,65,23
25600,66,23
25600,67,24
25600,68,24
25600,69,24
25600,70,24
25600,71,25
25600,72,25
25600,73,25
25600,74,25
25600,75,25
25600,76,26
25600,77,26
25600,78,26
25600,79,26
25600,80,27
25600,81,27
25600,82,27
25600,83,27
25600,84,28
25600,85,28
25600,86,28
25600,87,28
25600,88,29
25600,89,29
25600,90,29
25600,91,29
25600,92,30
25600,93,30
25600,94,30
25600,95,30
25600,96,31
25600,97,31
25600,98,31
25600,99,31
25600,100,31
25856,1,11
25856,2,11
25856,3,11
25856,4,11
25856,5,11
25856,6,11
25856,7,11
25856,8,11
25856,9,11
25856,10,11
25856,11,11
25856,12,11
25856,13,11
25856,14,11
25856,15,11
25856,16,11
25856,17,11
25856,18,12
25856,19,12
25856,20,12
25856,21,12
25856,22,13
25856,23,13
25856,24,13
25856,25,13
25856,26,14
25856,27,14
25856,28,14
25856,29,14
25856,30,15
25856,31,15
25856,32,15
25856,33,15
25856,34,16
25856,35,16
25856,36,16
25856,37,16
25856,38,16
25856,39,17
25856,40,17
25856,41,17
25856,42,17
25856,43,18
25856,44,18
25856,45,18
25856,46,18
25856,47,19
25856,48,19
25856,49,19
25856,50,19
25856,51,20
25856,52,20
25856,53,20
25856,54,20
25856,55,21
25856,56,21
25856,57,21
25856,58,21
25856,59,22
25856,60,22
25856,61,22
25856,62,22
25856,63,23
25856,64,23
25856,65,23
25856,66,23
25856,67,24
25856,68,24
25856,69,24
25856,70,24
25856,71,24
25856,72,25
25856,73,25
25856,74,25
25856,75,25
25856,76,26
25856,77,26
25856,78,26
25856,79,26
25856,80,27
25856,81,27
25856,82,27
25856,83,27
25856,84,28
25856,85,28
25856,86,28
25856,87,28
25856,88,29
25856,89,29
25856,90,29
25856,91,29
25856,92,30
25856,93,30
25856,94,30
25856,95,30
25856,96,31
25856,97,31
25856,98,31
25856,99,31
25856,100,31
25856,101,32
26112,1,11
26112,2,11
26112,3,11
26112,4,11
26112,5,11
26112,6,11
26112,7,11
26112,8,11
26112,9,11
26112,10,11
26112,11,11
26112,12,11
26112,13,11
26112,14,11
26112,15,11
26112,16,11
26112,17,11
26112,18,12
26112,19,12
26112,20,12
26112,21,12
26112,22,13
26112,23,13
26112,24,13
26112,25,13
26112,26,14
26112,27,14
26112,28,14
26112,29,14
26112,30,15
26112,31,15
26112,32,15
26112,33,15
26112,34,16
26112,35,16
26112,36,16
26112,37,16
26112,38,16
26112,39,17
26112,40,17
26112,41,17
26112,42,17
26112,43,18
26112,44,18
26112,45,18
26112,46,18
26112,47,19
26112,48,19
26112,49,19
26112,50,19
26112,51,20
26112,52,20
26112,53,20
26112,54,20
26112,55,21
26112,56,21
26112,57,21
26112,58,21
26112,59,22
26112,60,22
26112,61,22
26112,62,22
26112,63,22
26112,64,23
26112,65,23
26112,66,23
26112,67,23
26112,68,24
26112,69,24
26112,70,24
26112,71,25
26112,72,25
26112,73,25
26112,74,25
26112,75,25
26112,76,26
26112,77,26
26112,78,26
26112,79,26
26112,80,27
26112,81,27
26112,82,27
26112,83,27
26112,84,28
26112,85,28
26112,86,28
26112,87,29
26112,88,29
26112,89,29
26112,90,29
26112,91,29
26112,92,29
26112,93,30
26112,94,30
26112,95,30
26112,96,31
26112,97,31
26112,98,31
26112,99,31
26112,100,32
26112,101,32
26112,102,32
26368,1,11
26368,2,11
26368,3,11
26368,4,11
26368,5,11
26368,6,11
26368,7,11
26368,8,11
26368,9,11
26368,10,11
26368,11,11
26368,12,11
26368,13,11
26368,14,11
26368,15,11
26368,16,11
26368,17,11
26368,18,12
26368,19,12
26368,20,12
26368,21,12
26368,22,13
26368,23,13
26368,24,13
26368,25,13
26368,26,14
26368,27,14
26368,28,14
26368,29,14
26368,30,15
26368,31,15
26368,32,15
26368,33,15
26368,34,16
26368,35,16
26368,36,16
26368,37,16
26368,38,16
26368,39,17
26368,40,17
26368,41,17
26368,42,17
26368,43,18
26368,44,18
26368,45,18
26368,46,19
26368,47,19
26368,48,19
26368,49,19
26368,50,20
26368,51,20
26368,52,20
26368,53,20
26368,54,20
26368,55,21
26368,56,21
26368,57,21
26368,58,21
26368,59,22
26368,60,22
26368,61,22
26368,62,22
26368,63,23
26368,64,23
26368,65,23
26368,66,23
26368,67,23
26368,68,24
26368,69,24
26368,70,25
26368,71,24
26368,72,25
26368,73,25
26368,74,25
26368,75,25
26368,76,26
26368,77,26
26368,78,26
26368,79,26
26368,80,27
26368,81,27
26368,82,27
26368,83,27
26368,84,28
26368,85,28
26368,86,28
26368,87,28
26368,88,29
26368,89,29
26368,90,29
26368,91,29
26368,92,30
26368,93,30
26368,94,30
26368,95,30
26368,96,31
26368,97,31
26368,98,31
26368,99,32
26368,100,31
26368,101,32
26368,102,32
26368,103,32
26624,1,11
26624,2,11
26624,3,11
26624,4,11
26624,5,11
26624,6,11
26624,7,11
26624,8,11
26624,9,11
26624,10,11
26624,11,11
26624,12,11
26624,13,11
26624,14,11
26624,15,11
26624,16,11
26624,17,11
26624,18,12
26624,19,12
26624,20,12
26624,21,12
26624,22,13
26624,23,13
26624,24,13
26624,25,13
26624,26,14
26624,27,14
26624,28,14
26624,29,14
26624,30,15
26624,31,15
26624,32,15
26624,33,15
26624,34,16
26624,35,16
26624,36,16
26624,37,16
26624,38,16
26624,39,17
26624,40,17
26624,41,17
26624,42,18
26624,43,18
26624,44,18
26624,45,18
26624,46,18
26624,47,19
26624,48,19
26624,49,19
26624,50,19
26624,51,20
26624,52,20
26624,53,20
26624,54,21
26624,55,21
26624,56,21
26624,57,21
26624,58,21
26624,59,22
26624,60,22
26624,61,22
26624,62,22
26624,63,23
26624,64,23
26624,65,23
26624,66,23
26624,67,23
26624,68,24
26624,69,24
26624,70,24
26624,71,24
26624,72,25
26624,73,25
26624,74,25
26624,75,25
26624,76,26
26624,77,26
26624,78,26
26624,79,26
26624,80,27
26624,81,27
26624,82,27
26624,83,27
26624,84,28
26624,85,28
26624,86,28
26624,87,29
26624,88,29
26624,89,29
26624,90,29
26624,91,29
26624,92,29
26624,93,30
26624,94,30
26624,95,30
26624,96,31
26624,97,31
26624,98,31
26624,99,31
26624,100,32
26624,101,32
26624,102,32
26624,103,32
26624,104,33
26880,1,11
26880,2,11
26880,3,11
26880,4,11
26880,5,11
26880,6,11
26880,7,11
26880,8,11
26880,9,11
26880,10,11
26880,11,11
26880,12,11
26880,13,11
26880,14,11
26880,15,11
26880,16,11
26880,17,12
26880,18,12
26880,19,12
26880,20,12
26880,21,12
26880,22,13
26880,23,13
26880,24,13
26880,25,14
26880,26,14
26880,27,14
26880,28,14
26880,29,14
26880,30,15
26880,31,15
26880,32,15
26880,33,15
26880,34,16
26880,35,16
26880,36,16
26880,37,16
26880,38,17
26880,39,17
26880,40,17
26880,41,17
26880,42,17
26880,43,18
26880,44,18
26880,45,18
26880,46,18
26880,47,19
26880,48,19
26880,49,19
26880,50,20
26880,51,19
26880,52,20
26880,53,20
26880,54,20
26880,55,21
26880,56,21
26880,57,21
26880,58,21
26880,59,22
26880,60,22
26880,61,22
26880,62,22
26880,63,22
26880,64,23
26880,65,23
26880,66,23
26880,67,23
26880,68,24
26880,69,24
26880,70,24
26880,71,25
26880,72,25
26880,73,25
26880,74,25
26880,75,25
26880,76,26
26880,77,26
26880,78,26
26880,79,27
26880,80,27
26880,81,27
26880,82,27
26880,83,27
26880,84,28
26880,85,28
26880,86,28
26880,87,28
26880,88,29
26880,89,29
26880,90,29
26880,91,29
26880,92,30
26880,93,30
26880,94,30
26880,95,31
26880,96,31
26880,97,31
26880,98,31
26880,99,31
26880,100,31
26880,101,32
26880,102,32
26880,103,32
26880,104,32
26880,105,33
27136,1,11
27136,2,11
27136,3,11
27136,4,11
27136,5,11
27136,6,11
27136,7,11
27136,8,11
27136,9,11
27136,10,11
27136,11,11
27136,12,11
27136,13,11
27136,14,11
27136,15,25
27136,16,11
27136,17,11
27136,18,12
27136,19,12
27136,20,12
27136,21,12
27136,22,13
27136,23,13
27136,24,13
27136,25,13
27136,26,14
27136,27,14
27136,28,14
27136,29,14
27136,30,15
27136,31,15
27136,32,15
27136,33,15
27136,34,16
27136,35,16
27136,36,16
27136,37,16
27136,38,16
27136,39,17
27136,40,17
27136,41,17
27136,42,17
27136,43,18
27136,44,18
27136,45,18
27136,46,18
27136,47,19
27136,48,19
27136,49,19
27136,50,19
27136,51,19
27136,52,20
27136,53,20
27136,54,20
27136,55,21
27136,56,21
27136,57,21
27136,58,22
27136,59,22
27136,60,22
27136,61,22
27136,62,22
27136,63,23
27136,64,23
27136,65,23
27136,66,23
27136,67,24
27136,68,24
27136,69,24
27136,70,24
27136,71,25
27136,72,25
27136,73,25
27136,74,25
27136,75,25
27136,76,26
27136,77,26
27136,78,26
27136,79,26
27136,80,27
27136,81,27
27136,82,27
27136,83,28
27136,84,28
27136,85,28
27136,86,28
27136,87,29
27136,88,29
27136,89,29
27136,90,29
27136,91,29
27136,92,30
27136,93,30
27136,94,30
27136,95,30
27136,96,30
27136,97,31
27136,98,31
27136,99,31
27136,100,31
27136,101,32
27136,102,32
27136,103,32
27136,104,33
27136,105,33
27136,106,33
27392,1,11
27392,2,11
27392,3,11
27392,4,11
27392,5,11
27392,6,11
27392,7,11
27392,8,11
27392,9,11
27392,10,11
27392,11,11
27392,12,11
27392,13,11
27392,14,11
27392,15,11
27392,16,11
27392,17,12
27392,18,12
27392,19,12
27392,20,12
27392,21,12
27392,22,13
27392,23,13
27392,24,13
27392,25,13
27392,26,14
27392,27,14
27392,28,14
27392,29,14
27392,30,15
27392,31,15
27392,32,15
27392,33,15
27392,34,16
27392,35,16
27392,36,16
27392,37,16
27392,38,16
27392,39,17
27392,40,17
27392,41,17
27392,42,17
27392,43,18
27392,44,18
27392,45,18
27392,46,19
27392,47,19
27392,48,19
27392,49,19
27392,50,19
27392,51,20
27392,52,20
27392,53,20
27392,54,20
27392,55,21
27392,56,21
27392,57,21
27392,58,21
27392,59,22
27392,60,22
27392,61,22
27392,62,22
27392,63,22
27392,64,23
27392,65,23
27392,66,23
27392,67,23
27392,68,24
27392,69,24
27392,70,24
27392,71,25
27392,72,25
27392,73,25
27392,74,25
27392,75,25
27392,76,26
27392,77,26
27392,78,26
27392,79,26
27392,80,27
27392,81,27
27392,82,27
27392,83,27
27392,84,28
27392,85,28
27392,86,28
27392,87,28
27392,88,29
27392,89,29
27392,90,29
27392,91,29
27392,92,29
27392,93,30
27392,94,30
27392,95,30
27392,96,31
27392,97,31
27392,98,31
27392,99,31
27392,100,31
27392,101,32
27392,102,32
27392,103,32
27392,104,32
27392,105,32
27392,106,33
27392,107,33
27648,1,11
27648,2,11
27648,3,11
27648,4,11
27648,5,11
27648,6,11
27648,7,11
27648,8,11
27648,9,11
27648,10,11
27648,11,11
27648,12,11
27648,13,11
27648,14,11
27648,15,11
27648,16,11
27648,17,11
27648,18,12
27648,19,12
27648,20,12
27648,21,12
27648,22,13
27648,23,13
27648,24,13
27648,25,13
27648,26,14
27648,27,14
27648,28,14
27648,29,14
27648,30,15
27648,31,15
27648,32,15
27648,33,15
27648,34,16
27648,35,16
27648,36,16
27648,37,16
27648,38,16
27648,39,17
27648,40,17
27648,41,17
27648,42,18
27648,43,18
27648,44,18
27648,45,18
27648,46,18
27648,47,19
27648,48,19
27648,49,19
27648,50,19
27648,51,19
27648,52,20
27648,53,20
27648,54,20
27648,55,21
27648,56,21
27648,57,21
27648,58,21
27648,59,22
27648,60,22
27648,61,22
27648,62,22
27648,63,23
27648,64,23
27648,65,23
27648,66,23
27648,67,24
27648,68,24
27648,69,24
27648,70,24
27648,71,25
27648,72,25
27648,73,25
27648,74,25
27648,75,25
27648,76,26
27648,77,26
27648,78,26
27648,79,27
27648,80,27
27648,81,27
27648,82,27
27648,83,27
27648,84,28
27648,85,28
27648,86,28
27648,87,28
27648,88,29
27648,89,29
27648,90,29
27648,91,29
27648,92,29
27648,93,30
27648,94,30
27648,95,30
27648,96,30
27648,97,31
27648,98,31
27648,99,31
27648,100,31
27648,101,32
27648,102,32
27648,103,32
27648,104,32
27648,105,33
27648,106,33
27648,107,33
27648,108,33
27904,1,11
27904,2,11
27904,3,11
27904,4,11
27904,5,11
27904,6,11
27904,7,11
27904,8,11
27904,9,11
27904,10,11
27904,11,11
27904,12,11
27904,13,11
27904,14,11
27904,15,11
27904,16,11
27904,17,12
27904,18,12
27904,19,12
27904,20,12
27904,21,12
27904,22,13
27904,23,13
27904,24,13
27904,25,13
27904,26,14
27904,27,14
27904,28,14
27904,29,14
27904,30,15
27904,31,15
27904,32,15
27904,33,15
27904,34,16
27904,35,16
27904,36,16
27904,37,16
27904,38,16
27904,39,17
27904,40,17
27904,41,17
27904,42,17
27904,43,18
27904,44,18
27904,45,18
27904,46,18
27904,47,19
27904,48,19
27904,49,19
27904,50,19
27904,51,19
27904,52,20
27904,53,20
27904,54,20
27904,55,21
27904,56,21
27904,57,21
27904,58,22
27904,59,22
27904,60,22
27904,61,22
27904,62,22
27904,63,23
27904,64,23
27904,65,23
27904,66,23
27904,67,24
27904,68,24
27904,69,24
27904,70,24
27904,71,25
27904,72,25
27904,73,25
27904,74,25
27904,75,25
27904,76,26
27904,77,26
27904,78,26
27904,79,27
27904,80,27
27904,81,27
27904,82,27
27904,83,27
27904,84,28
27904,85,28
27904,86,28
27904,87,28
27904,88,29
27904,89,29
27904,90,29
27904,91,29
27904,92,30
27904,93,30
27904,94,30
27904,95,30
27904,96,30
27904,97,31
27904,98,31
27904,99,31
27904,100,32
27904,101,32
27904,102,32
27904,103,32
27904,104,32
27904,105,33
27904,106,33
27904,107,33
27904,108,33
27904,109,34
28160,1,11
28160,2,11
28160,3,11
28160,4,11
28160,5,11
28160,6,11
28160,7,11
28160,8,11
28160,9,11
28160,10,11
28160,11,11
28160,12,11
28160,13,11
28160,14,11
28160,15,11
28160,16,11
28160,17,11
28160,18,12
28160,19,12
28160,20,12
28160,21,12
28160,22,13
28160,23,13
28160,24,13
28160,25,13
28160,26,14
28160,27,14
28160,28,14
28160,29,14
28160,30,15
28160,31,15
28160,32,15
28160,33,15
28160,34,16
28160,35,16
28160,36,16
28160,37,16
28160,38,16
28160,39,17
28160,40,17
28160,41,17
28160,42,17
28160,43,18
28160,44,18
28160,45,18
28160,46,18
28160,47,19
28160,48,19
28160,49,19
28160,50,19
28160,51,20
28160,52,20
28160,53,20
28160,54,20
28160,55,21
28160,56,21
28160,57,21
28160,58,21
28160,59,22
28160,60,22
28160,61,22
28160,62,22
28160,63,22
28160,64,23
28160,65,23
28160,66,23
28160,67,24
28160,68,24
28160,69,24
28160,70,24
28160,71,25
28160,72,25
28160,73,25
28160,74,25
28160,75,25
28160,76,26
28160,77,26
28160,78,26
28160,79,26
28160,80,27
28160,81,27
28160,82,27
28160,83,27
28160,84,28
28160,85,28
28160,86,28
28160,87,28
28160,88,29
28160,89,29
28160,90,29
28160,91,29
28160,92,30
28160,93,30
28160,94,30
28160,95,30
28160,96,31
28160,97,31
28160,98,31
28160,99,31
28160,100,31
28160,101,32
28160,102,32
28160,103,32
28160,104,32
28160,105,33
28160,106,33
28160,107,33
28160,108,33
28160,109,34
28160,110,34
28416,1,11
28416,2,11
28416,3,11
28416,4,11
28416,5,11
28416,6,11
28416,7,11
28416,8,11
28416,9,11
28416,10,11
28416,11,11
28416,12,11
28416,13,11
28416,14,11
28416,15,11
28416,16,11
28416,17,12
28416,18,12
28416,19,12
28416,20,12
28416,21,13
28416,22,13
28416,23,13
28416,24,13
28416,25,13
28416,26,14
28416,27,14
28416,28,14
28416,29,14
28416,30,15
28416,31,15
28416,32,15
28416,33,15
28416,34,16
28416,35,16
28416,36,16
28416,37,16
28416,38,17
28416,39,17
28416,40,17
28416,41,17
28416,42,17
28416,43,18
28416,44,18
28416,45,18
28416,46,18
28416,47,19
28416,48,19
28416,49,19
28416,50,19
28416,51,20
28416,52,20
28416,53,20
28416,54,20
28416,55,21
28416,56,21
28416,57,21
28416,58,21
28416,59,22
28416,60,22
28416,61,22
28416,62,22
28416,63,23
28416,64,23
28416,65,23
28416,66,23
28416,67,24
28416,68,24
28416,69,24
28416,70,24
28416,71,25
28416,72,25
28416,73,25
28416,74,25
28416,75,25
28416,76,26
28416,77,26
28416,78,26
28416,79,26
28416,80,27
28416,81,27
28416,82,27
28416,83,28
28416,84,28
28416,85,28
28416,86,28
28416,87,28
28416,88,29
28416,89,29
28416,90,29
28416,91,29
28416,92,29
28416,93,30
28416,94,30
28416,95,30
28416,96,30
28416,97,31
28416,98,31
28416,99,31
28416,100,32
28416,101,32
28416,102,32
28416,103,32
28416,104,32
28416,105,33
28416,106,33
28416,107,33
28416,108,33
28416,109,34
28416,110,34
28416,111,34
28672,1,11
28672,2,11
28672,3,11
28672,4,11
28672,5,11
28672,6,11
28672,7,11
28672,8,11
28672,9,11
28672,10,11
28672,11,11
28672,12,11
28672,13,11
28672,14,11
28672,15,11
28672,16,11
28672,17,11
28672,18,12
28672,19,12
28672,20,12
28672,21,12
28672,22,13
28672,23,13
28672,24,13
28672,25,13
28672,26,14
28672,27,14
28672,28,14
28672,29,14
28672,30,15
28672,31,15
28672,32,15
28672,33,15
28672,34,16
28672,35,16
28672,36,16
28672,37,16
28672,38,16
28672,39,17
28672,40,17
28672,41,17
28672,42,17
28672,43,18
28672,44,18
28672,45,18
28672,46,18
28672,47,19
28672,48,19
28672,49,19
28672,50,19
28672,51,20
28672,52,20
28672,53,20
28672,54,20
28672,55,21
28672,56,21
28672,57,21
28672,58,21
28672,59,22
28672,60,22
28672,61,22
28672,62,22
28672,63,23
28672,64,23
28672,65,23
28672,66,24
28672,67,24
28672,68,24
28672,69,24
28672,70,24
28672,71,25
28672,72,25
28672,73,25
28672,74,25
28672,75,26
28672,76,26
28672,77,26
28672,78,26
28672,79,27
28672,80,27
28672,81,27
28672,82,27
28672,83,28
28672,84,28
28672,85,28
28672,86,29
28672,87,28
28672,88,29
28672,89,29
28672,90,29
28672,91,29
28672,92,29
28672,93,30
28672,94,30
28672,95,30
28672,96,31
28672,97,31
28672,98,31
28672,99,31
28672,100,32
28672,101,32
28672,102,32
28672,103,32
28672,104,32
28672,105,32
28672,106,33
28672,107,33
28672,108,33
28672,109,34
28672,110,34
28672,111,35
28672,112,34
28928,1,11
28928,2,11
28928,3,11
28928,4,11
28928,5,11
28928,6,11
28928,7,11
28928,8,11
28928,9,11
28928,10,11
28928,11,11
28928,12,11
28928,13,11
28928,14,11
28928,15,11
28928,16,11
28928,17,12
28928,18,12
28928,19,12
28928,20,13
28928,21,13
28928,22,13
28928,23,13
28928,24,13
28928,25,14
28928,26,14
28928,27,14
28928,28,14
28928,29,14
28928,30,15
28928,31,15
28928,32,15
28928,33,15
28928,34,16
28928,35,16
28928,36,16
28928,37,16
28928,38,16
28928,39,17
28928,40,17
28928,41,17
28928,42,17
28928,43,18
28928,44,18
28928,45,18
28928,46,18
28928,47,19
28928,48,19
28928,49,19
28928,50,19
28928,51,20
28928,52,20
28928,53,20
28928,54,21
28928,55,21
28928,56,21
28928,57,21
28928,58,21
28928,59,22
28928,60,22
28928,61,22
28928,62,22
28928,63,23
28928,64,23
28928,65,23
28928,66,23
28928,67,24
28928,68,24
28928,69,24
28928,70,24
28928,71,25
28928,72,25
28928,73,25
28928,74,25
28928,75,25
28928,76,26
28928,77,26
28928,78,26
28928,79,27
28928,80,27
28928,81,27
28928,82,27
28928,83,27
28928,84,28
28928,85,28
28928,86,28
28928,87,28
28928,88,29
28928,89,29
28928,90,29
28928,91,29
28928,92,30
28928,93,30
28928,94,30
28928,95,31
28928,96,31
28928,97,31
28928,98,31
28928,99,31
28928,100,32
28928,101,32
28928,102,32
28928,103,32
28928,104,32
28928,105,33
28928,106,33
28928,107,33
28928,108,34
28928,109,34
28928,110,34
28928,111,34
28928,112,34
28928,113,34
29184,1,11
29184,2,11
29184,3,11
29184,4,11
29184,5,11
29184,6,11
29184,7,11
29184,8,11
29184,9,11
29184,10,11
29184,11,11
29184,12,11
29184,13,11
29184,14,11
29184,15,11
29184,16,11
29184,17,11
29184,18,12
29184,19,12
29184,20,12
29184,21,12
29184,22,13
29184,23,13
29184,24,13
29184,25,13
29184,26,14
29184,27,14
29184,28,14
29184,29,14
29184,30,15
29184,31,15
29184,32,15
29184,33,15
29184,34,16
29184,35,16
29184,36,16
29184,37,16
29184,38,16
29184,39,17
29184,40,17
29184,41,17
29184,42,18
29184,43,18
29184,44,18
29184,45,18
29184,46,19
29184,47,19
29184,48,19
29184,49,19
29184,50,19
29184,51,20
29184,52,20
29184,53,20
29184,54,20
29184,55,21
29184,56,21
29184,57,21
29184,58,21
29184,59,22
29184,60,22
29184,61,22
29184,62,22
29184,63,22
29184,64,23
29184,65,23
29184,66,23
29184,67,24
29184,68,24
29184,69,24
29184,70,25
29184,71,25
29184,72,25
29184,73,25
29184,74,26
29184,75,25
29184,76,26
29184,77,26
29184,78,27
29184,79,26
29184,80,27
29184,81,27
29184,82,27
29184,83,27
29184,84,28
29184,85,28
29184,86,28
29184,87,28
29184,88,29
29184,89,29
29184,90,29
29184,91,29
29184,92,30
29184,93,30
29184,94,30
29184,95,30
29184,96,31
29184,97,31
29184,98,31
29184,99,31
29184,100,31
29184,101,32
29184,102,32
29184,103,32
29184,104,32
29184,105,33
29184,106,33
29184,107,33
29184,108,34
29184,109,34
29184,110,34
29184,111,34
29184,112,35
29184,113,37
29184,114,36
29440,1,11
29440,2,11
29440,3,11
29440,4,11
29440,5,11
29440,6,11
29440,7,11
29440,8,11
29440,9,11
29440,10,11
29440,11,11
29440,12,11
29440,13,11
29440,14,11
29440,15,11
29440,16,12
29440,17,12
29440,18,12
29440,19,12
29440,20,12
29440,21,13
29440,22,13
29440,23,13
29440,24,13
29440,25,13
29440,26,14
29440,27,14
29440,28,14
29440,29,14
29440,30,15
29440,31,15
29440,32,15
29440,33,16
29440,34,16
29440,35,17
29440,36,17
29440,37,17
29440,38,17
29440,39,18
29440,40,18
29440,41,18
29440,42,18
29440,43,18
29440,44,19
29440,45,18
29440,46,18
29440,47,19
29440,48,20
29440,49,20
29440,50,20
29440,51,20
29440,52,20
29440,53,20
29440,54,21
29440,55,21
29440,56,21
29440,57,21
29440,58,21
29440,59,22
29440,60,22
29440,61,22
29440,62,22
29440,63,23
29440,64,24
29440,65,24
29440,66,25
29440,67,25
29440,68,25
29440,69,26
29440,70,26
29440,71,26
29440,72,26
29440,73,27
29440,74,27
29440,75,27
29440,76,27
29440,77,28
29440,78,28
29440,79,28
29440,80,28
29440,81,29
29440,82,29
29440,83,27
29440,84,28
29440,85,28
29440,86,28
29440,87,29
29440,88,29
29440,89,29
29440,90,29
29440,91,30
29440,92,30
29440,93,30
29440,94,30
29440,95,30
29440,96,30
29440,97,31
29440,98,32
29440,99,32
29440,100,32
29440,101,32
29440,102,32
29440,103,32
29440,104,32
29440,105,33
29440,106,33
29440,107,33
29440,108,33
29440,109,33
29440,110,34
29440,111,34
29440,112,35
29440,113,35
29440,114,35
29440,115,36
29696,1,11
29696,2,11
29696,3,11
29696,4,11
29696,5,11
29696,6,11
29696,7,11
29696,8,11
29696,9,11
29696,10,11
29696,11,11
29696,12,11
29696,13,11
29696,14,11
29696,15,11
29696,16,11
29696,17,12
29696,18,12
29696,19,12
29696,20,12
29696,21,12
29696,22,13
29696,23,13
29696,24,13
29696,25,13
29696,26,14
29696,27,14
29696,28,14
29696,29,14
29696,30,15
29696,31,15
29696,32,15
29696,33,15
29696,34,16
29696,35,16
29696,36,16
29696,37,16
29696,38,17
29696,39,17
29696,40,17
29696,41,17
29696,42,17
29696,43,18
29696,44,18
29696,45,18
29696,46,18
29696,47,19
29696,48,19
29696,49,19
29696,50,19
29696,51,20
29696,52,20
29696,53,20
29696,54,21
29696,55,21
29696,56,21
29696,57,21
29696,58,21
29696,59,22
29696,60,22
29696,61,22
29696,62,22
29696,63,23
29696,64,23
29696,65,23
29696,66,23
29696,67,23
29696,68,24
29696,69,24
29696,70,24
29696,71,24
29696,72,25
29696,73,25
29696,74,25
29696,75,25
29696,76,27
29696,77,27
29696,78,27
29696,79,28
29696,80,28
29696,81,27
29696,82,27
29696,83,27
29696,84,28
29696,85,28
29696,86,28
29696,87,28
29696,88,29
29696,89,29
29696,90,29
29696,91,29
29696,92,30
29696,93,30
29696,94,31
29696,95,30
29696,96,31
29696,97,31
29696,98,31
29696,99,31
29696,100,31
29696,101,32
29696,102,32
29696,103,32
29696,104,32
29696,105,33
29696,106,33
29696,107,33
29696,108,34
29696,109,34
29696,110,36
29696,111,37
29696,112,37
29696,113,36
29696,114,37
29696,115,37
29696,116,37
29952,1,11
29952,2,11
29952,3,11
29952,4,11
29952,5,11
29952,6,11
29952,7,11
29952,8,11
29952,9,11
29952,10,11
29952,11,11
29952,12,11
29952,13,11
29952,14,11
29952,15,11
29952,16,11
29952,17,12
29952,18,12
29952,19,12
29952,20,12
29952,21,12
29952,22,13
29952,23,13
29952,24,13
29952,25,13
29952,26,14
29952,27,14
29952,28,14
29952,29,14
29952,30,15
29952,31,15
29952,32,15
29952,33,15
29952,34,16
29952,35,16
29952,36,16
29952,37,16
29952,38,16
29952,39,17
29952,40,17
29952,41,17
29952,42,17
29952,43,18
29952,44,18
29952,45,18
29952,46,18
29952,47,19
29952,48,19
29952,49,19
29952,50,19
29952,51,20
29952,52,20
29952,53,20
29952,54,21
29952,55,22
29952,56,22
29952,57,22
29952,58,22
29952,59,23
29952,60,23
29952,61,23
29952,62,23
29952,63,23
29952,64,24
29952,65,23
29952,66,23
29952,67,23
29952,68,24
29952,69,25
29952,70,25
29952,71,25
29952,72,25
29952,73,26
29952,74,26
29952,75,26
29952,76,26
29952,77,26
29952,78,26
29952,79,26
29952,80,27
29952,81,27
29952,82,27
29952,83,27
29952,84,28
29952,85,28
29952,86,28
29952,87,28
29952,88,29
29952,89,29
29952,90,29
29952,91,29
29952,92,30
29952,93,30
29952,94,30
29952,95,30
29952,96,30
29952,97,31
29952,98,31
29952,99,31
29952,100,31
29952,101,32
29952,102,32
29952,103,32
29952,104,33
29952,105,33
29952,106,33
29952,107,33
29952,108,33
29952,109,34
29952,110,35
29952,111,34
29952,112,34
29952,113,35
29952,114,35
29952,115,35
29952,116,35
29952,117,35
30208,1,11
30208,2,11
30208,3,11
30208,4,11
30208,5,11
30208,6,11
30208,7,11
30208,8,11
30208,9,11
30208,10,11
30208,11,11
30208,12,11
30208,13,11
30208,14,11
30208,15,11
30208,16,12
30208,17,12
30208,18,12
30208,19,12
30208,20,12
30208,21,13
30208,22,13
30208,23,13
30208,24,14
30208,25,14
30208,26,14
30208,27,14
30208,28,14
30208,29,14
30208,30,15
30208,31,15
30208,32,15
30208,33,15
30208,34,16
30208,35,16
30208,36,16
30208,37,16
30208,38,16
30208,39,17
30208,40,17
30208,41,17
30208,42,17
30208,43,18
30208,44,18
30208,45,18
30208,46,18
30208,47,19
30208,48,19
30208,49,19
30208,50,19
30208,51,20
30208,52,20
30208,53,20
30208,54,20
30208,55,21
30208,56,21
30208,57,21
30208,58,21
30208,59,22
30208,60,22
30208,61,22
30208,62,22
30208,63,23
30208,64,23
30208,65,23
30208,66,23
30208,67,24
30208,68,24
30208,69,24
30208,70,24
30208,71,25
30208,72,26
30208,73,26
30208,74,25
30208,75,26
30208,76,26
30208,77,27
30208,78,28
30208,79,28
30208,80,28
30208,81,29
30208,82,27
30208,83,27
30208,84,28
30208,85,28
30208,86,28
30208,87,28
30208,88,29
30208,89,29
30208,90,29
30208,91,29
30208,92,30
30208,93,30
30208,94,30
30208,95,31
30208,96,33
30208,97,33
30208,98,31
30208,99,31
30208,100,32
30208,101,32
30208,102,32
30208,103,32
30208,104,33
30208,105,33
30208,106,34
30208,107,35
30208,108,35
30208,109,35
30208,110,34
30208,111,34
30208,112,34
30208,113,35
30208,114,35
30208,115,35
30208,116,35
30208,117,35
30208,118,36
30464,1,11
30464,2,11
30464,3,11
30464,4,11
30464,5,11
30464,6,11
30464,7,11
30464,8,11
30464,9,11
30464,10,11
30464,11,11
30464,12,11
30464,13,11
30464,14,11
30464,15,11
30464,16,12
30464,17,12
30464,18,12
30464,19,12
30464,20,12
30464,21,12
30464,22,13
30464,23,13
30464,24,13
30464,25,13
30464,26,14
30464,27,14
30464,28,14
30464,29,14
30464,30,15
30464,31,15
30464,32,15
30464,33,15
30464,34,16
30464,35,16
30464,36,16
30464,37,16
30464,38,16
30464,39,17
30464,40,17
30464,41,17
30464,42,17
30464,43,18
30464,44,18
30464,45,18
30464,46,18
30464,47,19
30464,48,19
30464,49,19
30464,50,19
30464,51,19
30464,52,20
30464,53,20
30464,54,20
30464,55,21
30464,56,21
30464,57,21
30464,58,21
30464,59,22
30464,60,22
30464,61,22
30464,62,22
30464,63,23
30464,64,23
30464,65,23
30464,66,23
30464,67,23
30464,68,24
30464,69,24
30464,70,25
30464,71,24
30464,72,25
30464,73,25
30464,74,25
30464,75,25
30464,76,26
30464,77,26
30464,78,26
30464,79,26
30464,80,27
30464,81,27
30464,82,27
30464,83,27
30464,84,28
30464,85,28
30464,86,28
30464,87,28
30464,88,29
30464,89,29
30464,90,29
30464,91,29
30464,92,30
30464,93,30
30464,94,30
30464,95,31
30464,96,31
30464,97,31
30464,98,31
30464,99,32
30464,100,32
30464,101,32
30464,102,33
30464,103,32
30464,104,32
30464,105,33
30464,106,33
30464,107,33
30464,108,34
30464,109,33
30464,110,34
30464,111,34
30464,112,35
30464,113,35
30464,114,35
30464,115,35
30464,116,35
30464,117,36
30464,118,36
30464,119,36
30720,1,11
30720,2,11
30720,3,11
30720,4,11
30720,5,11
30720,6,11
30720,7,11
30720,8,11
30720,9,11
30720,10,11
30720,11,11
30720,12,11
30720,13,11
30720,14,11
30720,15,11
30720,16,11
30720,17,12
30720,18,12
30720,19,12
30720,20,12
30720,21,12
30720,22,13
30720,23,13
30720,24,13
30720,25,13
30720,26,14
30720,27,14
30720,28,14
30720,29,14
30720,30,15
30720,31,15
30720,32,15
30720,33,15
30720,34,16
30720,35,16
30720,36,16
30720,37,16
30720,38,16
30720,39,17
30720,40,17
30720,41,17
30720,42,17
30720,43,18
30720,44,18
30720,45,18
30720,46,18
30720,47,19
30720,48,19
30720,49,19
30720,50,19
30720,51,20
30720,52,20
30720,53,20
30720,54,20
30720,55,21
30720,56,21
30720,57,21
30720,58,21
30720,59,22
30720,60,22
30720,61,22
30720,62,22
30720,63,23
30720,64,23
30720,65,23
30720,66,23
30720,67,24
30720,68,24
30720,69,24
30720,70,24
30720,71,24
30720,72,25
30720,73,25
30720,74,25
30720,75,25
30720,76,26
30720,77,26
30720,78,27
30720,79,26
30720,80,27
30720,81,27
30720,82,27
30720,83,27
30720,84,30
30720,85,30
30720,86,29
30720,87,28
30720,88,29
30720,89,29
30720,90,29
30720,91,30
30720,92,30
30720,93,30
30720,94,30
30720,95,31
30720,96,31
30720,97,31
30720,98,31
30720,99,31
30720,100,32
30720,101,32
30720,102,33
30720,103,32
30720,104,32
30720,105,33
30720,106,33
30720,107,33
30720,108,34
30720,109,34
30720,110,34
30720,111,34
30720,112,34
30720,113,35
30720,114,35
30720,115,35
30720,116,35
30720,117,36
30720,118,36
30720,119,36
30720,120,37
30976,1,11
30976,2,11
30976,3,11
30976,4,11
30976,5,11
30976,6,11
30976,7,11
30976,8,11
30976,9,11
30976,10,11
30976,11,11
30976,12,11
30976,13,11
30976,14,11
30976,15,11
30976,16,12
30976,17,12
30976,18,12
30976,19,12
30976,20,12
30976,21,12
30976,22,13
30976,23,13
30976,24,13
30976,25,13
30976,26,14
30976,27,14
30976,28,14
30976,29,14
30976,30,15
30976,31,15
30976,32,15
30976,33,15
30976,34,16
30976,35,16
30976,36,16
30976,37,16
30976,38,17
30976,39,17
30976,40,17
30976,41,17
30976,42,17
30976,43,18
30976,44,18
30976,45,18
30976,46,18
30976,47,19
30976,48,19
30976,49,19
30976,50,19
30976,51,20
30976,52,20
30976,53,20
30976,54,21
30976,55,20
30976,56,21
30976,57,21
30976,58,21
30976,59,22
30976,60,22
30976,61,22
30976,62,22
30976,63,23
30976,64,23
30976,65,23
30976,66,23
30976,67,24
30976,68,24
30976,69,24
30976,70,24
30976,71,26
30976,72,26
30976,73,26
30976,74,26
30976,75,25
30976,76,26
30976,77,27
30976,78,27
30976,79,27
30976,80,27
30976,81,27
30976,82,27
30976,83,27
30976,84,28
30976,85,28
30976,86,28
30976,87,28
30976,88,29
30976,89,29
30976,90,29
30976,91,30
30976,92,30
30976,93,30
30976,94,31
30976,95,31
30976,96,32
30976,97,31
30976,98,31
30976,99,31
30976,100,31
30976,101,32
30976,102,32
30976,103,32
30976,104,32
30976,105,33
30976,106,34
30976,107,33
30976,108,35
30976,109,35
30976,110,35
30976,111,34
30976,112,34
30976,113,35
30976,114,35
30976,115,35
30976,116,36
30976,117,35
30976,118,36
30976,119,37
30976,120,37
30976,121,37
31232,1,11
31232,2,11
31232,3,11
31232,4,11
31232,5,11
31232,6,11
31232,7,11
31232,8,11
31232,9,11
31232,10,12
31232,11,12
31232,12,12
31232,13,11
31232,14,11
31232,15,11
31232,16,11
31232,17,12
31232,18,12
31232,19,12
31232,20,12
31232,21,12
31232,22,13
31232,23,13
31232,24,13
31232,25,13
31232,26,14
31232,27,14
31232,28,14
31232,29,14
31232,30,15
31232,31,15
31232,32,15
31232,33,15
31232,34,16
31232,35,16
31232,36,16
31232,37,17
31232,38,17
31232,39,17
31232,40,17
31232,41,18
31232,42,17
31232,43,18
31232,44,18
31232,45,18
31232,46,18
31232,47,19
31232,48,19
31232,49,19
31232,50,19
31232,51,19
31232,52,20
31232,53,20
31232,54,20
31232,55,21
31232,56,21
31232,57,22
31232,58,21
31232,59,22
31232,60,22
31232,61,23
31232,62,23
31232,63,23
31232,64,24
31232,65,25
31232,66,25
31232,67,24
31232,68,24
31232,69,24
31232,70,24
31232,71,25
31232,72,25
31232,73,25
31232,74,25
31232,75,25
31232,76,26
31232,77,27
31232,78,26
31232,79,27
31232,80,28
31232,81,28
31232,82,28
31232,83,28
31232,84,28
31232,85,28
31232,86,28
31232,87,29
31232,88,29
31232,89,29
31232,90,29
31232,91,29
31232,92,30
31232,93,30
31232,94,31
31232,95,30
31232,96,32
31232,97,32
31232,98,32
31232,99,32
31232,100,31
31232,101,32
31232,102,32
31232,103,32
31232,104,33
31232,105,33
31232,106,33
31232,107,33
31232,108,34
31232,109,34
31232,110,34
31232,111,36
31232,112,36
31232,113,35
31232,114,35
31232,115,35
31232,116,35
31232,117,35
31232,118,36
31232,119,36
31232,120,36
31232,121,37
31232,122,38
31488,1,11
31488,2,11
31488,3,11
31488,4,11
31488,5,11
31488,6,11
31488,7,11
31488,8,11
31488,9,11
31488,10,11
31488,11,11
31488,12,12
31488,13,12
31488,14,12
31488,15,11
31488,16,12
31488,17,12
31488,18,12
31488,19,12
31488,20,12
31488,21,12
31488,22,13
31488,23,13
31488,24,13
31488,25,13
31488,26,14
31488,27,14
31488,28,14
31488,29,15
31488,30,15
31488,31,15
31488,32,15
31488,33,15
31488,34,16
31488,35,16
31488,36,16
31488,37,16
31488,38,16
31488,39,17
31488,40,18
31488,41,18
31488,42,18
31488,43,18
31488,44,18
31488,45,18
31488,46,18
31488,47,19
31488,48,19
31488,49,19
31488,50,19
31488,51,19
31488,52,20
31488,53,20
31488,54,20
31488,55,21
31488,56,21
31488,57,21
31488,58,21
31488,59,22
31488,60,22
31488,61,22
31488,62,23
31488,63,24
31488,64,24
31488,65,24
31488,66,24
31488,67,24
31488,68,24
31488,69,24
31488,70,24
31488,71,25
31488,72,25
31488,73,25
31488,74,25
31488,75,25
31488,76,26
31488,77,26
31488,78,27
31488,79,27
31488,80,27
31488,81,28
31488,82,28
31488,83,28
31488,84,28
31488,85,28
31488,86,28
31488,87,28
31488,88,29
31488,89,29
31488,90,29
31488,91,29
31488,92,30
31488,93,30
31488,94,30
31488,95,31
31488,96,31
31488,97,31
31488,98,31
31488,99,31
31488,100,32
31488,101,32
31488,102,32
31488,103,32
31488,104,32
31488,105,33
31488,106,33
31488,107,33
31488,108,34
31488,109,34
31488,110,34
31488,111,34
31488,112,34
31488,113,35
31488,114,35
31488,115,35
31488,116,35
31488,117,36
31488,118,36
31488,119,36
31488,120,37
31488,121,36
31488,122,37
31488,123,37
31744,1,11
31744,2,11
31744,3,11
31744,4,11
31744,5,11
31744,6,11
31744,7,11
31744,8,12
31744,9,12
31744,10,12
31744,11,12
31744,12,12
31744,13,12
31744,14,12
31744,15,12
31744,16,11
31744,17,12
31744,18,12
31744,19,12
31744,20,12
31744,21,12
31744,22,13
31744,23,13
31744,24,13
31744,25,13
31744,26,14
31744,27,14
31744,28,14
31744,29,14
31744,30,15
31744,31,15
31744,32,15
31744,33,15
31744,34,16
31744,35,16
31744,36,16
31744,37,16
31744,38,16
31744,39,17
31744,40,17
31744,41,17
31744,42,17
31744,43,18
31744,44,18
31744,45,18
31744,46,18
31744,47,19
31744,48,19
31744,49,19
31744,50,19
31744,51,20
31744,52,20
31744,53,20
31744,54,20
31744,55,21
31744,56,21
31744,57,21
31744,58,22
31744,59,22
31744,60,22
31744,61,22
31744,62,22
31744,63,23
31744,64,23
31744,65,23
31744,66,23
31744,67,24
31744,68,24
31744,69,24
31744,70,24
31744,71,24
31744,72,25
31744,73,25
31744,74,25
31744,75,25
31744,76,26
31744,77,26
31744,78,26
31744,79,27
31744,80,27
31744,81,27
31744,82,27
31744,83,28
31744,84,28
31744,85,28
31744,86,28
31744,87,29
31744,88,29
31744,89,29
31744,90,29
31744,91,29
31744,92,30
31744,93,30
31744,94,30
31744,95,30
31744,96,31
31744,97,31
31744,98,31
31744,99,31
31744,100,31
31744,101,32
31744,102,32
31744,103,33
31744,104,33
31744,105,33
31744,106,33
31744,107,33
31744,108,33
31744,109,34
31744,110,34
31744,111,34
31744,112,34
31744,113,35
31744,114,35
31744,115,35
31744,116,36
31744,117,35
31744,118,36
31744,119,36
31744,120,36
31744,121,36
31744,122,37
31744,123,37
31744,124,37
32000,1,11
32000,2,11
32000,3,11
32000,4,11
32000,5,11
32000,6,11
32000,7,12
32000,8,12
32000,9,12
32000,10,12
32000,11,12
32000,12,12
32000,13,12
32000,14,12
32000,15,12
32000,16,12
32000,17,12
32000,18,12
32000,19,12
32000,20,12
32000,21,12
32000,22,13
32000,23,13
32000,24,13
32000,25,14
32000,26,14
32000,27,14
32000,28,14
32000,29,14
32000,30,15
32000,31,15
32000,32,15
32000,33,15
32000,34,16
32000,35,16
32000,36,16
32000,37,16
32000,38,16
32000,39,17
32000,40,17
32000,41,17
32000,42,17
32000,43,18
32000,44,18
32000,45,18
32000,46,18
32000,47,19
32000,48,19
32000,49,19
32000,50,20
32000,51,20
32000,52,20
32000,53,20
32000,54,20
32000,55,21
32000,56,21
32000,57,21
32000,58,21
32000,59,22
32000,60,22
32000,61,22
32000,62,22
32000,63,23
32000,64,23
32000,65,23
32000,66,23
32000,67,24
32000,68,24
32000,69,24
32000,70,24
32000,71,25
32000,72,25
32000,73,25
32000,74,25
32000,75,25
32000,76,26
32000,77,26
32000,78,26
32000,79,26
32000,80,27
32000,81,27
32000,82,27
32000,83,27
32000,84,28
32000,85,28
32000,86,28
32000,87,28
32000,88,29
32000,89,29
32000,90,29
32000,91,29
32000,92,30
32000,93,30
32000,94,30
32000,95,31
32000,96,31
32000,97,31
32000,98,31
32000,99,31
32000,100,31
32000,101,32
32000,102,32
32000,103,32
32000,104,32
32000,105,33
32000,106,33
32000,107,33
32000,108,34
32000,109,33
32000,110,34
32000,111,35
32000,112,34
32000,113,34
32000,114,35
32000,115,35
32000,116,35
32000,117,36
32000,118,36
32000,119,36
32000,120,37
32000,121,36
32000,122,37
32000,123,37
32000,124,37
32000,125,38
32256,1,11
32256,2,11
32256,3,11
32256,4,11
32256,5,11
32256,6,12
32256,7,12
32256,8,12
32256,9,12
32256,10,12
32256,11,12
32256,12,12
32256,13,12
32256,14,12
32256,15,12
32256,16,12
32256,17,12
32256,18,12
32256,19,12
32256,20,12
32256,21,12
32256,22,13
32256,23,13
32256,24,13
32256,25,14
32256,26,14
32256,27,14
32256,28,14
32256,29,14
32256,30,15
32256,31,15
32256,32,15
32256,33,15
32256,34,16
32256,35,16
32256,36,16
32256,37,16
32256,38,17
32256,39,17
32256,40,17
32256,41,17
32256,42,17
32256,43,18
32256,44,18
32256,45,18
32256,46,18
32256,47,19
32256,48,19
32256,49,19
32256,50,20
32256,51,20
32256,52,20
32256,53,20
32256,54,20
32256,55,21
32256,56,21
32256,57,21
32256,58,21
32256,59,23
32256,60,22
32256,61,22
32256,62,22
32256,63,22
32256,64,23
32256,65,23
32256,66,23
32256,67,23
32256,68,24
32256,69,24
32256,70,24
32256,71,25
32256,72,25
32256,73,25
32256,74,25
32256,75,25
32256,76,26
32256,77,26
32256,78,26
32256,79,27
32256,80,27
32256,81,27
32256,82,27
32256,83,27
32256,84,28
32256,85,28
32256,86,29
32256,87,28
32256,88,30
32256,89,29
32256,90,30
32256,91,29
32256,92,30
32256,93,30
32256,94,30
32256,95,30
32256,96,31
32256,97,31
32256,98,31
32256,99,31
32256,100,31
32256,101,32
32256,102,32
32256,103,32
32256,104,33
32256,105,33
32256,106,33
32256,107,33
32256,108,34
32256,109,34
32256,110,34
32256,111,34
32256,112,34
32256,113,35
32256,114,35
32256,115,35
32256,116,35
32256,117,35
32256,118,36
32256,119,36
32256,120,36
32256,121,36
32256,122,37
32256,123,37
32256,124,37
32256,125,37
32256,126,38
32512,1,11
32512,2,11
32512,3,11
32512,4,12
32512,5,11
32512,6,12
32512,7,12
32512,8,12
32512,9,12
32512,10,12
32512,11,12
32512,12,12
32512,13,12
32512,14,12
32512,15,12
32512,16,12
32512,17,12
32512,18,12
32512,19,12
32512,20,12
32512,21,13
32512,22,13
32512,23,13
32512,24,13
32512,25,13
32512,26,14
32512,27,14
32512,28,14
32512,29,14
32512,30,15
32512,31,15
32512,32,15
32512,33,15
32512,34,16
32512,35,16
32512,36,16
32512,37,16
32512,38,16
32512,39,17
32512,40,17
32512,41,17
32512,42,17
32512,43,18
32512,44,18
32512,45,18
32512,46,18
32512,47,19
32512,48,19
32512,49,19
32512,50,19
32512,51,20
32512,52,20
32512,53,20
32512,54,20
32512,55,21
32512,56,21
32512,57,21
32512,58,21
32512,59,22
32512,60,22
32512,61,22
32512,62,22
32512,63,23
32512,64,23
32512,65,23
32512,66,23
32512,67,24
32512,68,24
32512,69,24
32512,70,24
32512,71,25
32512,72,25
32512,73,25
32512,74,25
32512,75,25
32512,76,26
32512,77,26
32512,78,26
32512,79,26
32512,80,27
32512,81,27
32512,82,27
32512,83,29
32512,84,28
32512,85,29
32512,86,28
32512,87,29
32512,88,29
32512,89,29
32512,90,29
32512,91,30
32512,92,30
32512,93,30
32512,94,30
32512,95,30
32512,96,31
32512,97,31
32512,98,31
32512,99,31
32512,100,32
32512,101,32
32512,102,32
32512,103,33
32512,104,32
32512,105,33
32512,106,33
32512,107,33
32512,108,33
32512,109,33
32512,110,34
32512,111,34
32512,112,34
32512,113,35
32512,114,35
32512,115,35
32512,116,35
32512,117,35
32512,118,36
32512,119,36
32512,120,36
32512,121,36
32512,122,37
32512,123,37
32512,124,37
32512,125,38
32512,126,38
32512,127,38
